-1.064788603608621598e+00 -2.683740667322139785e-11 0.000000000000000000e+00 -1.582957438614799316e-11 -2.610698914364854017e-01 -9.672207971052009434e-11 0.000000000000000000e+00 6.202865205468447872e-13
-1.064788603651288579e+00 -7.432612983166537732e-11 -4.748872315844397947e-11 4.714746960275922230e-11 -2.610698915325871949e-01 -9.486122014887956210e-11 1.860859561640534261e-12 -3.101377091582992375e-12
-1.064788603725955962e+00 -2.786116734027564998e-11 9.395368564983369389e-11 -4.475891675757087943e-11 -2.610698916286889326e-01 -1.004436323003474651e-10 -7.443271713108443270e-12 1.107152306091600468e-12
-1.064788603704622361e+00 2.576945368667909304e-11 -4.032306462287894441e-11 -6.779990615787310692e-12 -2.610698917354686843e-01 -1.120087188082895581e-10 -4.121814794833641665e-12 9.350781895758882787e-12
-1.064788603725955962e+00 -7.521664740644073512e-11 -6.066303647024087729e-11 2.921212020595566592e-11 -2.610698918422484360e-01 -9.220000271068018819e-11 2.393053089244300831e-11 -1.715430734319377730e-11
-1.064788603832623526e+00 -1.089063597290554855e-10 2.697332414762610755e-11 -1.406794935790790328e-11 -2.610698919276722152e-01 -9.580186295537549700e-11 -2.753239113713832359e-11 2.723251641369180481e-11
-1.064788603928624511e+00 -9.716355950752698829e-11 -1.523052392609760390e-11 5.726519762898648935e-12 -2.610698920237739529e-01 -6.916909598857671359e-11 5.416515810393708761e-11 -6.352034661293718445e-12
-1.064788604035292074e+00 -1.104450480710262396e-10 1.949035362598343709e-12 1.828226993097036890e-12 -2.610698920451299254e-01 2.010511623541630065e-11 3.510905412005593308e-11 -2.318023929214781697e-11
-1.064788604141959860e+00 -1.010622963665384556e-10 7.433716341889453974e-12 8.294617905910213202e-12 -2.610698920130959944e-01 2.078250659908472235e-11 -3.443166375638751138e-11 -7.706815388630565899e-12
-1.064788604227293822e+00 -6.131100996502889194e-11 3.231757005962009358e-11 -2.434034192995416843e-11 -2.610698920344519669e-01 -7.120126707958201102e-11 -5.755210992227920907e-11 2.197368080564813603e-11
-1.064788604280627604e+00 -6.969689563565121975e-11 -4.070345573024240846e-11 1.439936642655633731e-11 -2.610698921412316631e-01 -1.203844445071960114e-10 8.368932494665194155e-12 1.591371882255757506e-11
-1.064788604376628589e+00 -1.079057078164670231e-10 2.494643549426606306e-12 -1.256499403685529073e-12 -2.610698922373334563e-01 -5.590542305019289791e-11 5.611008896233792418e-11 -2.156058294692714670e-11
-1.064788604483296153e+00 -1.066859189286703919e-10 -1.274854661629980914e-12 1.292987874969507723e-12 -2.610698922586893733e-01 -8.366993966298494496e-12 -8.571659878443519143e-12 6.260639816199721357e-12
-1.064788604589963938e+00 -1.053566646270218247e-10 2.604108963278542256e-12 -3.915008006982652363e-12 -2.610698922693673873e-01 -6.728394274586371135e-12 1.021025957015564250e-11 7.196148732973020914e-12
-1.064788604696631502e+00 -1.118934707214126989e-10 -9.140915057669413622e-12 1.436682210835617569e-11 -2.610698922586893733e-01 3.528057106464397742e-11 3.179870576907470767e-11 -3.011470218221078397e-12
-1.064788604803299066e+00 -8.707483451168300712e-11 3.395955126739911344e-11 -2.187206356839992220e-13 -2.610698921946215667e-01 8.984357194813015717e-11 2.276429511441147207e-11 -5.828115355177308259e-12
-1.064788604856633070e+00 -1.981189388393678111e-11 3.330338936034711580e-11 -3.482487498379257091e-11 -2.610698920878418150e-01 1.178878161114211757e-10 5.279949048879544875e-12 -1.638801345293640043e-11
-1.064788604877966449e+00 -5.767974011462025255e-11 -7.117123559103058401e-11 4.351679154230712306e-11 -2.610698919810620633e-01 7.928367385037106418e-11 -4.388409130992965158e-11 2.866827958620741767e-11
-1.064788604963300633e+00 -6.947183666976004494e-11 5.937913903589079162e-11 -3.257428342550012476e-11 -2.610698919169942012e-01 7.752032998913400435e-11 4.212074744869259820e-11 -2.353933975900459323e-11
-1.064788605005967614e+00 -4.843640887447886183e-11 -3.834371124060958913e-11 1.211273672773832292e-11 -2.610698918208924635e-01 9.114380560950542428e-11 -2.849727182832117181e-11 -9.256685683077723359e-12
-1.064788605080634998e+00 -8.878562117248307777e-11 -2.005501057394621968e-12 -5.209862709459591966e-12 -2.610698917675026154e-01 6.379204903629925125e-12 -5.626732887755434027e-11 1.785424842175123288e-11
-1.064788605176635983e+00 -1.084262114156510952e-10 -1.763508918577339706e-11 1.939373693069854575e-11 -2.610698917995364909e-01 -5.259270758622506001e-11 -2.704583612300648097e-12 3.394131865259235642e-11
-1.064788605283303546e+00 -8.551517899510224559e-11 4.054612160632224019e-11 -2.969832599857012264e-11 -2.610698918208924635e-01 4.382208114695070658e-11 9.911937234547641792e-11 -4.683966030245386777e-11
-1.064788605357970930e+00 -9.351791377816813958e-11 -4.854885638938812772e-11 3.539920649683032081e-11 -2.610698917247906703e-01 1.015418449305419197e-10 -4.139960856188519186e-11 -1.743034678794124926e-11
-1.064788605464638493e+00 -8.441800706645341321e-11 5.764876310110284763e-11 5.435642413363407558e-12 -2.610698916820787807e-01 -3.354841255705221180e-11 -9.369064892570893965e-11 4.181522681017896302e-11
-1.064788605485972095e+00 4.718644637584251119e-11 7.395569034119307031e-11 -5.714155410567902601e-11 -2.610698917675026154e-01 -9.548402997793320204e-11 3.175503150482794295e-11 -2.169478068832569485e-11
-1.064788605421971512e+00 2.367316474119156731e-11 -9.746897197584401419e-11 5.246242772727022036e-11 -2.610698918529263945e-01 -9.705830903325440392e-11 -3.332931056014914482e-11 2.360786788603924311e-11
-1.064788605443304892e+00 -1.387749602868581939e-11 5.991831120596662750e-11 -1.404063489390498804e-11 -2.610698919597061463e-01 -9.289332649543496424e-11 3.749429309796857805e-11 -1.934678724657350592e-11
-1.064788605411304712e+00 6.383722170153247311e-11 1.779640652425166500e-11 3.700555937559577818e-12 -2.610698920344519669e-01 -7.594510203921832268e-11 -2.054606864175193649e-11 2.174540554808159831e-11
-1.064788605325970527e+00 1.105317025627145228e-10 2.889807433693039765e-11 -3.276221322891898691e-11 -2.610698921091977320e-01 -5.180102267847739749e-11 4.469014800249286167e-11 -3.560107041588217403e-11
-1.064788605219302964e+00 7.004121154981835093e-11 -6.938856534982655662e-11 2.068095535199535078e-11 -2.610698921519096771e-01 -6.922393792113820916e-11 -6.211306324515366042e-11 2.455730497007877904e-11
-1.064788605197969362e+00 -6.693053093848693804e-12 -7.345699293840501039e-12 -1.796164994029153895e-11 -2.610698922586893733e-01 -1.197781495012091896e-10 1.155885166508268478e-11 1.439546128762183069e-12
-1.064788605229969765e+00 -7.526940150240431274e-11 -6.123064911471512436e-11 5.116608849838064863e-11 -2.610698923654691250e-01 -9.234180778475726279e-11 1.587749005136923399e-11 -8.959461428042929981e-12
-1.064788605315303727e+00 -4.423243423669259619e-11 9.226761638042684091e-11 -3.736860341234559721e-11 -2.610698924508929042e-01 -8.746521196614757992e-11 -1.100089423275955757e-11 2.364313008933889248e-12
-1.064788605304637148e+00 2.819698828712431017e-11 -1.983819385660993778e-11 2.308006345479205407e-12 -2.610698925469946974e-01 -1.023740614048650269e-10 -3.907955205957889427e-12 -4.977350965413941356e-13
-1.064788605293970347e+00 -4.555380389657942304e-12 -1.291417482017232116e-11 -1.453062507354554692e-11 -2.610698926537744491e-01 -1.116831771064049866e-10 -5.401160495582071833e-12 1.030464140577398079e-11
-1.064788605325970527e+00 -7.397560525063924315e-11 -5.650605004080896353e-11 2.381386957611733193e-11 -2.610698927605541453e-01 -9.157157388024719271e-11 2.551276372173987053e-11 1.266890654924955535e-11
-1.064788605432638313e+00 -1.155460966039051647e-10 1.493555868754303225e-11 -6.057025754363806731e-12 -2.610698928139440489e-01 -2.539326789018800145e-12 6.351948336948853496e-11 -3.962418403453638635e-11
-1.064788605539305877e+00 -1.038460564919105261e-10 -3.235518575548387945e-12 1.108081217272654898e-11 -2.610698927925880763e-01 5.627087846349130100e-12 -5.535306873412061117e-11 1.769204982444706109e-11
-1.064788605635306640e+00 -7.707465712482764697e-11 3.000691794263125656e-11 4.400536078222078415e-12 -2.610698928246220074e-01 -5.200290014855090575e-11 -2.276919260779429928e-12 -9.788042717318498234e-12
-1.064788605677973843e+00 -3.859213004898891336e-12 4.320852617729749261e-11 3.317889931575723240e-12 -2.610698928886898695e-01 -8.592086682206525789e-11 -3.164104741273492746e-11 2.146017655597817280e-11
-1.064788605635306640e+00 9.251150914442325109e-11 5.316219597202466274e-11 -4.967294222171555281e-11 -2.610698929847916072e-01 -8.482243197960060733e-11 3.273948225519958447e-11 -2.266287091963887571e-11
-1.064788605539305877e+00 4.981707442332591814e-11 -9.585663069312199569e-11 4.603955626979607756e-11 -2.610698930595374279e-01 -8.733208022811806876e-11 -3.524913050371704590e-11 1.580145902447079933e-11
-1.064788605539305877e+00 -3.777518153529835730e-12 4.226203811626623052e-11 -3.848451996273639641e-11 -2.610698931663171796e-01 -1.104259641621397658e-10 1.215524656969534887e-11 -8.509034114919900014e-12
-1.064788605539305877e+00 -3.470700180920654290e-11 -7.319152177194295224e-11 2.256433941780579133e-11 -2.610698932730969313e-01 -1.116425733675087665e-10 -1.337185577506435279e-11 2.891269146375109704e-11
-1.064788605624640061e+00 -1.133970270996750702e-10 -5.498503518525576629e-12 1.222796694747470514e-11 -2.610698933691986690e-01 -5.164821052638418094e-11 7.336621861618894157e-11 -4.307398063573811556e-11
-1.064788605731307625e+00 -8.771013329430210476e-11 3.118539732389854040e-11 3.190954135040600809e-12 -2.610698933905546415e-01 -3.413771520122065092e-11 -5.585572329102540509e-11 1.524761784820615421e-11
-1.064788605784641407e+00 -1.576647624138323122e-11 4.075825972902034283e-11 -3.565858426363069385e-11 -2.610698934653004621e-01 -1.001063082386529855e-10 -1.011286974640694084e-11 3.439481788846849990e-12
-1.064788605795308207e+00 -4.122570957423461095e-11 -6.621749306187172578e-11 2.210901847276263292e-11 -2.610698935720801583e-01 -1.100136023649263160e-10 2.055756201336093078e-13 1.370623355481946028e-11
-1.064788605880642391e+00 -1.073336402796901735e-10 1.095623564161650671e-13 5.565142525480647974e-13 -2.610698936681819515e-01 -6.848375046020071774e-11 4.132427628459199281e-11 -1.555241540510675042e-11
-1.064788605987309955e+00 -1.054449728092136429e-10 1.779105114060359585e-12 -3.001695975572654272e-12 -2.610698937108938411e-01 -3.249244410633698662e-11 -5.332969930728264114e-12 1.646949700228313111e-11
-1.064788606093977519e+00 -1.108918505078108950e-10 -7.225982812657603232e-12 1.145004760513762514e-11 -2.610698937322497581e-01 6.250107039055870407e-12 4.407552107612113165e-11 3.064219982929536346e-12
-1.064788606200645305e+00 -9.099367331771320509e-11 2.712416000275527704e-11 -2.146444880378085073e-11 -2.610698936788599100e-01 1.035938091400867423e-10 5.326818102490974028e-11 -5.008223845763217052e-11
-1.064788606285979267e+00 -1.011386997235452000e-10 -3.726918640858726546e-11 3.174010041680160037e-11 -2.610698935720801583e-01 5.988345581700971780e-11 -9.697853434798677128e-11 6.912895408315023898e-11
-1.064788606392647052e+00 -8.045677129031493624e-11 5.795111484181752919e-11 -3.082812538686556296e-11 -2.610698935400462828e-01 7.331324937048689217e-11 1.104083279014639456e-10 -8.761978408197757463e-11
-1.064788606445980834e+00 -5.703891776727657968e-11 -3.453326131877916616e-11 6.237994922712034758e-12 -2.610698934439444896e-01 3.127055292748200788e-11 -1.524510243444688170e-10 6.779062331888025578e-11
-1.064788606531315018e+00 -1.073914556366988021e-10 -1.581927655064306270e-11 1.654316851661592474e-11 -2.610698934973343377e-01 -7.025962580481483294e-11 5.092084561217195034e-11 -2.017192353290467885e-12
-1.064788606637982582e+00 -8.940050318813714678e-11 3.381022899920471152e-11 -1.907710919841768954e-11 -2.610698935186903102e-01 2.553048835965766369e-11 4.486926855230054628e-11 -6.331894785309370001e-12
-1.064788606712649965e+00 -7.901137278498078913e-11 -2.342109859604835065e-11 1.709828721768542951e-11 -2.610698934546224481e-01 9.627334110833063979e-11 2.587358419637243628e-11 -4.740110466066318073e-11
-1.064788606797984150e+00 -7.455870832402120190e-11 2.787376305700793788e-11 4.017964207643868985e-12 -2.610698933798766275e-01 5.817195519085976622e-12 -1.163297297856171059e-10 3.576671362249122749e-11
-1.064788606840651131e+00 -6.757289587073719198e-12 3.992765567993954402e-11 -4.383716686885940626e-11 -2.610698934546224481e-01 -1.195421231846745334e-10 -9.029588918143418602e-12 2.179196039545365117e-11
-1.064788606851317931e+00 -5.841347883377284104e-11 -9.158384492663866829e-11 6.466336164167272732e-11 -2.610698935614021998e-01 -7.222541983460043967e-11 5.634629226821753006e-11 -3.751072053172363081e-11
-1.064788606936651894e+00 -4.759108376203200859e-11 1.024062399983795007e-10 -6.548195701234107115e-11 -2.610698936147920479e-01 -7.206499689333629137e-11 -5.618586932695337530e-11 2.147111451292535134e-11
-1.064788606947318694e+00 -3.922447480229622705e-11 -9.403963103864371273e-11 3.726312090160264726e-11 -2.610698937215717996e-01 -1.200233920084669783e-10 8.227474211822670636e-12 3.705009715260442682e-11
-1.064788607043319679e+00 -1.155143741747757043e-10 1.774973166616423229e-11 -8.902921162114469675e-12 -2.610698937963176203e-01 7.581847872991627319e-12 1.193777656696359495e-10 -6.289175141597874975e-11
-1.064788607149987243e+00 -1.067236743287906536e-10 -8.959031820179175121e-12 9.015142478243882183e-12 -2.610698937322497581e-01 5.766212496432730933e-11 -6.929748857830028685e-11 1.163536361397298236e-11
-1.064788607256654807e+00 -9.759631053441734755e-11 1.808639561455247143e-11 -5.824269243478827687e-12 -2.610698937322497581e-01 -4.602676135035431889e-11 -3.439139773638134137e-11 1.635029696008682353e-11
-1.064788607341988991e+00 -7.889632703574888452e-11 6.135878841159879642e-13 3.561575809226350838e-11 -2.610698937963176203e-01 -6.575866594285652137e-11 1.465949314387912920e-11 -1.296868932767143650e-11
-1.064788607384655972e+00 2.917812300927360443e-11 1.074608621609065232e-10 -4.063822227544777309e-11 -2.610698938603854824e-01 -7.534574763811257084e-11 -2.424657483913517867e-11 4.620247437914121232e-11
-1.064788607288655209e+00 1.221851805047433381e-10 -1.445380466543678797e-11 -1.063812168580612280e-12 -2.610698939137753305e-01 1.476852582104072170e-11 1.143608482982884680e-10 -8.641748453861371108e-11
-1.064788607181987645e+00 9.008613466812792063e-11 -1.764524117117862461e-11 1.289329066639440617e-11 -2.610698938710634409e-01 -1.576223119822344976e-11 -1.448916053175526653e-10 7.523005735434517079e-11
-1.064788607096653461e+00 9.347552432495389478e-11 2.103463082800459229e-11 -2.917597098961477679e-11 -2.610698939564872201e-01 -7.985526977029328087e-11 8.079856674548282125e-11 -4.365518655590501250e-11
-1.064788607011319277e+00 4.801687301211874898e-11 -6.649328214083974132e-11 3.980978863610322533e-11 -2.610698939991991097e-01 -4.922369594704268235e-11 -5.016699292223221626e-11 1.396685419669270533e-11
-1.064788606989985897e+00 3.445967463874894233e-11 5.293608376746993467e-11 -2.339517579486232475e-11 -2.610698940846229443e-01 -1.076571192014289908e-10 -8.266430332154097037e-12 5.185574291808548720e-11
-1.064788606925985315e+00 7.014631478910183420e-11 -1.724944361711703634e-11 2.177051221536533018e-11 -2.610698941486907509e-01 3.137724888851926057e-11 1.473007984221023630e-10 -9.325426814919066635e-11
-1.064788606851317931e+00 1.009589642009637520e-10 4.806209302897895419e-11 -4.235327151461183471e-11 -2.610698940632669718e-01 4.621604128515196804e-11 -1.324620060254696232e-10 8.624596474031764868e-11
-1.064788606744650146e+00 7.002333571508613690e-11 -7.899772151485655641e-11 5.164136685913980405e-11 -2.610698940632669718e-01 4.002992345516570002e-11 1.262758881954833358e-10 -7.020407397182700387e-11
-1.064788606701983165e+00 6.695199326279242977e-11 7.592637906256284927e-11 -3.621080865462933902e-11 -2.610698939671652341e-01 8.196947793065133412e-11 -8.433633371999770168e-11 4.507880088121307741e-11
-1.064788606595315601e+00 1.101723254240300983e-10 -3.270604690132517424e-11 1.853470641663235871e-11 -2.610698939244532890e-01 4.853321313429516298e-11 5.090006892364152408e-11 -4.604343395983014664e-11
-1.064788606499314616e+00 1.003643508712768292e-10 2.289807234857189866e-11 -1.659485954912278786e-11 -2.610698938710634409e-01 1.220304910208776476e-11 -8.723023295584891583e-11 2.163733575565461065e-11
-1.064788606392647052e+00 9.637591692105226296e-11 -2.688650629879646816e-11 -5.488828010899245786e-12 -2.610698939244532890e-01 -9.734540954264623496e-11 -2.231822568888508712e-11 1.288388352416701160e-11
-1.064788606328646470e+00 2.613642029076159253e-11 -4.335299033149420551e-11 4.921697236871335001e-11 -2.610698940312330407e-01 -1.033302103479153696e-10 1.633342488361594282e-11 1.573006302868477040e-12
-1.064788606296646067e+00 8.708135673391323800e-11 1.042979267746458510e-10 -8.471171983783313604e-11 -2.610698941166568199e-01 -6.594434167207806875e-11 2.105244379222137414e-11 -1.917596424679214536e-11
-1.064788606189978504e+00 4.154205076970554479e-11 -1.498372327388535701e-10 7.629500168577221327e-11 -2.610698941807246820e-01 -8.136734682801175332e-11 -3.647544894815506194e-11 1.106304406880250154e-11
-1.064788606221978684e+00 -2.924740965068492965e-11 7.904777231846308269e-11 -1.780018238440232811e-11 -2.610698942875044337e-01 -1.211291125179143548e-10 -3.286316741747556099e-12 3.899165009823096947e-11
-1.064788606189978504e+00 7.544758783303423846e-11 2.564722516525609835e-11 -5.093828058953044291e-12 -2.610698943729282129e-01 -1.072679570671657070e-11 1.136886335529453495e-10 -6.024994826551330020e-11
-1.064788606093977519e+00 1.114605539866872958e-10 1.036574098839696386e-11 -1.515873130435831803e-11 -2.610698943302163233e-01 3.590062660263424060e-11 -6.706121124359453818e-11 9.804612095026941046e-12
-1.064788605987309955e+00 8.671584205040626944e-11 -3.511045292467798539e-11 2.306199426162183428e-11 -2.610698943515722958e-01 -6.880795959947400778e-11 -3.764737495851371666e-11 4.238752794249012865e-11
-1.064788605912642572e+00 8.568091898591581768e-11 3.407552986018752716e-11 -1.308888517537740319e-11 -2.610698944156401025e-01 -1.694012568903107130e-11 8.951520886895666284e-11 -6.189712466253453294e-11
-1.064788605805975008e+00 1.145653231801586640e-10 -5.191125665944680807e-12 -1.337321257487669556e-11 -2.610698944049621439e-01 -2.360108193872134121e-11 -9.617616511864692306e-11 3.435346789593731356e-11
-1.064788605709974023e+00 6.406343412363920443e-11 -4.531076339057476587e-11 -8.086092001675792669e-12 -2.610698944903859231e-01 -1.128930084882032531e-10 6.884238569165009538e-12 -7.709817883260620552e-13
-1.064788605699307444e+00 -5.081636866253770046e-11 -6.956903939560214549e-11 3.505144593940105747e-11 -2.610698945971656748e-01 -1.014374767148514283e-10 4.571293204186823372e-12 7.644458318425837856e-13
-1.064788605784641407e+00 -8.480010963553879963e-11 3.558529842260103985e-11 6.547608108963450206e-12 -2.610698946932674125e-01 -9.000155281095002705e-11 6.864630699714574628e-12 -2.286912561346733987e-12
-1.064788605827308610e+00 6.013311536553624227e-12 5.522812274949139047e-11 -2.924103195806427121e-11 -2.610698947786912472e-01 -8.313302909556108582e-11 3.893015674371994430e-15 -2.294643081544246851e-12
-1.064788605795308207e+00 2.874646116134357862e-11 -3.249497312470143607e-11 3.748511963357856644e-12 -2.610698948641150263e-01 -9.000917230884507942e-11 -6.880036228958368289e-12 -9.890543169560866002e-12
-1.064788605795308207e+00 -2.499794919798572117e-11 -2.124943723462786695e-11 3.558058565662001234e-11 -2.610698949708947780e-01 -1.334408742754444043e-10 -3.655166573764096468e-11 6.321284381687230108e-11
-1.064788605805975008e+00 3.924493330261856903e-11 8.549231973523216684e-11 -2.873626809851344659e-11 -2.610698950776744742e-01 -1.690567430010941751e-11 1.530868657129759256e-10 -8.279134331475995477e-11
-1.064788605709974023e+00 1.240207684775425662e-10 -7.164845603081718114e-13 -1.663672024650844353e-11 -2.610698950242846261e-01 4.089402718156253066e-11 -9.528716423130396453e-11 6.507109556713249571e-11
-1.064788605603306459e+00 7.267763861740088327e-11 -5.062664529983350029e-11 9.949409010413354052e-12 -2.610698950136066676e-01 4.553298542035208872e-11 9.992612247009352260e-11 -3.867935618308129276e-11
-1.064788605571306057e+00 1.272575048973943222e-12 -2.077841826859344137e-11 3.017242195100815374e-11 -2.610698949068269159e-01 1.293471618112952363e-10 -1.611194607915035568e-11 -6.455464024780577359e-12
-1.064788605560639478e+00 5.023300436481151039e-11 6.973884758443101662e-11 -2.397086700990523773e-11 -2.610698948000471642e-01 7.775687757865280008e-11 -3.547833815349208695e-11 4.333501555547654546e-13
-1.064788605464638493e+00 1.177980985039578207e-10 -2.173753445284695363e-12 -8.956781387947190603e-12 -2.610698947573352746e-01 8.100251738332925778e-12 -3.417828768682779059e-11 2.607803594849486481e-11
-1.064788605357970930e+00 8.658024744954685902e-11 -2.904409760912626838e-11 1.713123354692953417e-11 -2.610698947573352746e-01 1.797778421016193257e-11 4.405582015865680061e-11 -8.643756270712192757e-12
-1.064788605283303546e+00 7.988575287208292153e-11 2.234960303166232766e-11 -6.234370964407963947e-12 -2.610698947039454265e-01 8.015815571533895551e-11 1.812455134652022234e-11 -1.285887238927698457e-11
-1.064788605187302561e+00 1.058818460421836842e-10 3.646490138438435823e-12 -2.860772509896180404e-12 -2.610698946185215918e-01 7.783064124054844486e-11 -2.045206582131073623e-11 -2.534469986706452313e-11
-1.064788605080634998e+00 1.045925087893720199e-10 -4.935827391250104176e-12 -3.655918503389551465e-12 -2.610698945864877163e-01 -3.910759000326660023e-11 -9.648616542250429917e-11 5.016997626433993576e-11
-1.064788604984634235e+00 8.375309849670315230e-11 -1.590358290141875857e-11 6.817867792065731881e-12 -2.610698946719114955e-01 -8.156999205525538482e-11 5.402376337051551457e-11 -3.652157793075773200e-11
-1.064788604909966852e+00 7.239953607006283807e-11 4.550020474778439496e-12 -2.282173157491146303e-12 -2.610698947359793021e-01 -8.308719910649755168e-11 -5.554097042175768143e-11 5.320433485567305113e-11
-1.064788604835299468e+00 7.465305754714627654e-11 -2.296498997694999818e-12 2.310824837898853736e-12 -2.610698948214031367e-01 -3.455613538299378051e-11 1.040720341452614655e-10 -2.680400918155220318e-11
-1.064788604760632085e+00 7.699253406545283690e-11 4.635975516001561391e-12 -2.829472774609142989e-11 -2.610698947786912472e-01 9.317590536287254420e-11 2.366000660060485919e-11 -1.005616025611308483e-11
-1.064788604707298303e+00 1.380301859181670007e-12 -8.024820772227272021e-11 4.686772557971523174e-11 -2.610698946719114955e-01 1.103274377957430016e-10 -6.508474167734395295e-12 2.960788079355706164e-12
-1.064788604739298483e+00 -1.851293684621805580e-11 6.035496901687298148e-11 -9.841851887279115304e-12 -2.610698945651317437e-01 1.061928536983413348e-10 2.373890070332723602e-12 -1.786992061309741242e-12
-1.064788604707298303e+00 7.267144552569055317e-11 3.082941335503563395e-11 -1.816667471738248332e-11 -2.610698944583519920e-01 1.055796576550775577e-10 -2.987086113596499922e-12 4.187124654732027950e-12
-1.064788604621964119e+00 7.983024808361437436e-11 -2.367061079711181600e-11 1.850774610084756967e-11 -2.610698943515722958e-01 1.121668593920806392e-10 9.574287850599582312e-12 -1.496139553531590461e-11
-1.064788604547296735e+00 8.801226479193345461e-11 3.185262750543089301e-11 -1.319732862663840920e-11 -2.610698942447925441e-01 8.643124848733207711e-11 -3.530989875534813636e-11 2.268553877273824464e-12
-1.064788604440629172e+00 1.121255339228800114e-10 -7.739358374484332984e-12 2.281388122330257169e-12 -2.610698941914026405e-01 2.261711260845729071e-11 -2.850423712352666297e-11 5.887124515069374687e-12
-1.064788604333961608e+00 1.034909815409021270e-10 -8.951940074935614778e-13 4.071998181922304752e-12 -2.610698941914026405e-01 -1.672998809338791198e-11 -1.084286357831853972e-11 6.216879125773096774e-12
-1.064788604227293822e+00 1.139165880716819086e-10 1.132080053827335237e-11 -1.856982493922932745e-11 -2.610698942127586131e-01 -1.976507787270570109e-11 7.807773799000748991e-12 2.263526259109601555e-11
-1.064788604120626259e+00 8.084871433054065366e-11 -4.438867427941462352e-11 1.687374178423694633e-11 -2.610698942020806546e-01 6.375625749858386292e-11 7.571356157228879402e-11 -3.269006736350833838e-11
-1.064788604067292477e+00 4.269259112442223917e-11 6.232551073296214682e-12 4.408639637644515356e-12 -2.610698940953009028e-01 1.171131785526364294e-10 -2.235664051823621466e-11 1.202321367296408932e-11
-1.064788604013958695e+00 6.838361218394820975e-11 1.945846998622976156e-11 -2.507898006834267098e-12 -2.610698939885211511e-01 1.084695385350562664e-10 1.371300050065605007e-11 -1.540278732834800920e-11
-1.064788603928624511e+00 9.977685813590493360e-11 1.193477596572696067e-11 -5.044070430905952622e-12 -2.610698938817413994e-01 8.968717755132433891e-11 -3.249536148438797916e-11 6.875990548561239263e-12
-1.064788603821956947e+00 1.085141987746409971e-10 -3.197435326990898408e-12 1.351022267680768619e-12 -2.610698938176735928e-01 4.532442622823209516e-11 -1.186738983870426137e-11 -1.423105326203422491e-12
-1.064788603715289161e+00 1.061723949237015063e-10 8.556314760514075506e-13 -3.604627290269714629e-13 -2.610698937856396618e-01 1.732033057221331162e-11 -1.613670581731452864e-11 9.494333762492277238e-12
-1.064788603608621598e+00 1.068022696887234059e-10 -2.257567110295068380e-13 9.127273763696723191e-14 -2.610698937749617032e-01 1.352992022506109252e-11 1.234629547016230631e-11 -4.520243149290043092e-12
-1.064788603501953812e+00 1.066245744795752984e-10 4.806150188139487031e-14 -5.072310730747546333e-15 -2.610698937536057307e-01 2.466178171751557504e-11 -1.214433977707823172e-12 -2.091375193874396749e-12
-1.064788603395286248e+00 1.067054805511458416e-10 3.284456968915223131e-14 -7.076145010905201527e-14 -2.610698937322497581e-01 1.595878818047673846e-11 -7.488559559331012812e-12 2.207729896245336189e-12
-1.064788603288618685e+00 1.065588853401969883e-10 -1.794397806380037956e-13 2.883401557718806198e-13 -2.610698937215717996e-01 7.604858750550721398e-12 -8.653698705950040432e-13 -6.739488879955717961e-12
-1.064788603181950899e+00 1.070650262462366203e-10 6.855806866776380638e-13 -1.083043262188320590e-12 -2.610698937215717996e-01 -1.434434763050643855e-11 -2.108383651046215894e-11 3.394253077644180328e-12
-1.064788603075283335e+00 1.051870578330269327e-10 -2.563549099887323503e-12 4.044054937586326417e-12 -2.610698937536057307e-01 -4.632926141849821746e-11 -1.090107727752961835e-11 -6.837523430621000121e-12
-1.064788602968615772e+00 1.121921244460112633e-10 9.568615712871655343e-12 -1.509295444355206005e-11 -2.610698938176735928e-01 -8.864398626542044564e-11 -3.141364756939262114e-11 1.327793763859999079e-11
-1.064788602861947986e+00 8.605049254109841647e-11 -3.571024761778451833e-11 1.366033768804265250e-11 -2.610698939244532890e-01 -1.116374684884057172e-10 8.420165346407349620e-12 -3.562448565365942533e-12
-1.064788602797947403e+00 5.561101036965733893e-11 5.270765446343438374e-12 -7.547993980637806483e-12 -2.610698940312330407e-01 -1.054844834916888516e-10 -2.267180349690478384e-12 9.719121340150142345e-13
-1.064788602744613621e+00 4.350855932043079784e-11 -1.737321649556998188e-11 5.864837458514998459e-12 -2.610698941380127924e-01 -1.071031077890247620e-10 6.485560523545644205e-13 -3.251999706941146064e-13
-1.064788602712613441e+00 2.635663870483582541e-11 2.212958799750113460e-13 -5.244333032823679271e-12 -2.610698942447925441e-01 -1.067815955963979730e-10 -3.270438597277793484e-13 3.288877487614440398e-13
-1.064788602691279840e+00 1.106623136631481054e-11 -1.551170321849602432e-11 4.445471852181212971e-12 -2.610698943515722958e-01 -1.064490200695692058e-10 6.596193865565528721e-13 -9.902955132004304970e-13
-1.064788602691279840e+00 -6.620759514133596764e-12 -2.175287661952385813e-12 1.946284795207956199e-11 -2.610698944583519920e-01 -1.081006678360573825e-10 -2.311267153044738417e-12 3.632183281737814877e-12
-1.064788602680613039e+00 4.741720901820032647e-11 5.621325619428630622e-11 -1.829650309374785067e-11 -2.610698945651317437e-01 -1.018266522969334171e-10 8.585282692168706618e-12 -2.860423585208536123e-12
-1.064788602595279077e+00 1.049542121255293869e-10 1.323746913042754805e-12 -1.027697409923485503e-11 -2.610698946612335369e-01 -9.323735766822161024e-11 4.011936543098811395e-15 -2.868391947143502172e-12
-1.064788602499278092e+00 7.677078365391031726e-11 -2.950717538466181089e-11 6.070173566114456372e-12 -2.610698947573352746e-01 -1.018345096365659239e-10 -8.601163904887407459e-12 3.655921834089019252e-12
-1.064788602445944310e+00 3.596695358293007348e-11 -1.129665468631844259e-11 -3.336697344624471666e-12 -2.610698948641150263e-01 -1.080690719440736746e-10 2.366601597379651104e-12 -1.077281360670282754e-12
-1.064788602424610708e+00 3.363552176419776140e-12 -2.130674672019185799e-11 -3.390407008215077383e-12 -2.610698949708947780e-01 -1.065677128313252245e-10 -8.652424846311973612e-13 6.532591197433431247e-13
-1.064788602445944310e+00 -4.942116228860917158e-11 -3.147796774483708973e-11 1.689854742208970906e-11 -2.610698950776744742e-01 -1.063384204413575934e-10 1.094534874598832114e-12 -1.535866140605552260e-12
-1.064788602509944893e+00 -6.168145551201422064e-11 1.921767452143204067e-11 -1.087000084478079004e-11 -2.610698951844542259e-01 -1.087569491139765809e-10 -3.513063547217824465e-12 5.490260953830097275e-12
-1.064788602563278674e+00 -5.585610900349250943e-11 -1.339232801291032622e-11 1.591465518103986564e-11 -2.610698952912339776e-01 -9.931229334692194282e-11 1.295771931427246655e-11 -9.747163646172544355e-12
-1.064788602616612456e+00 -3.489679948619357465e-11 3.435163753020926423e-11 1.121196273197788943e-11 -2.610698953873357153e-01 -1.026383456568946412e-10 -1.628377162424516490e-11 2.282032409116655580e-11
-1.064788602605945655e+00 6.744236377015862211e-11 6.798752572614293253e-11 -2.876232582557560492e-11 -2.610698954834375085e-01 -6.674491663188530034e-11 5.217720064925449603e-11 -1.746621508069360275e-11
-1.064788602499278092e+00 1.171304377457176433e-10 -1.829945175058388868e-11 7.836577675592174064e-12 -2.610698955154714396e-01 -1.478916057545712623e-11 -2.214445928263099068e-13 4.332646650892375012e-12
-1.064788602392610528e+00 1.040412672713264059e-10 5.210281276192634316e-12 -2.583762832188169538e-12 -2.610698955261493981e-01 -2.234109808432624037e-12 1.277649535985081442e-11 -2.122034406880925222e-11
-1.064788602285942742e+00 1.067105413271471611e-10 -2.541007220371874296e-12 2.498029563950653620e-12 -2.610698955368273566e-01 -4.034215129515875508e-11 -5.088453684657694223e-11 1.648086749769579874e-11
-1.064788602179275179e+00 1.091226155782553649e-10 4.953081471480086160e-12 -1.807471211039817227e-11 -2.610698956115731773e-01 -9.266862249522524656e-11 -1.441934353489548033e-12 -1.991236341258462540e-12
-1.064788602083274194e+00 6.480464219002103170e-11 -4.927105485971442985e-11 1.646659295306920691e-11 -2.610698957076749704e-01 -1.015262002259797214e-10 -7.415643377264935248e-12 2.162147407031577382e-12
-1.064788602051274014e+00 1.566231132979979920e-11 1.287239994931911417e-13 1.620936699868774694e-11 -2.610698958144546666e-01 -1.098710447594148613e-10 -9.292011561702031019e-13 4.020494208220752328e-12
-1.064788602019273611e+00 6.454786032484941856e-11 4.875682499555643493e-11 -1.730392242567349569e-11 -2.610698959212344183e-01 -9.966796444709301216e-11 1.113228146849205388e-11 -7.566110211372293604e-12
-1.064788601923272848e+00 1.101497430389418046e-10 -3.154942281464052157e-12 -1.099381581814046796e-11 -2.610698960173362115e-01 -1.001017321442257771e-10 -1.156604916562482693e-11 4.888085113637530490e-12
-1.064788601827271863e+00 7.085841102159230443e-11 -3.613638973588545120e-11 7.944959773662539398e-12 -2.610698961241159077e-01 -1.085695751345628468e-10 3.098206175287763732e-12 -1.308382748089228433e-12
-1.064788601784604882e+00 2.242051087080901860e-11 -1.230151041489783139e-11 5.478003200823906941e-13 -2.610698962308956594e-01 -1.062983110282550016e-10 -8.269420689799213652e-13 3.455013898706144994e-13
-1.064788601773938082e+00 -5.391089987394720058e-13 -1.065810945465065921e-11 5.304176773965505913e-13 -2.610698963376754111e-01 -1.069156909966030065e-10 2.095621006319220574e-13 -7.362281139322965320e-14
-1.064788601784604882e+00 -2.026407487585114027e-11 -9.066856422461007436e-12 -1.333604976105724653e-11 -2.610698964444551629e-01 -1.067174352295188451e-10 -1.130633354776691327e-14 -5.095463314646457200e-14
-1.064788601827271863e+00 -7.840593700394489312e-11 -4.907500570563274703e-11 2.081315699424677186e-11 -2.610698965512348591e-01 -1.068929117960537792e-10 -1.641702329871606245e-13 1.095528883906768820e-11
-1.064788601933939649e+00 -1.141164774324700748e-10 1.336446527710756048e-11 -5.915551515363426485e-12 -2.610698966473366522e-01 -7.435538574482503153e-11 3.270169628421590210e-11 -1.173615863749740614e-11
-1.064788602040607213e+00 -1.051342014243452358e-10 -4.382189268982718978e-12 2.848827022602011067e-12 -2.610698967007265003e-01 -4.416046908888545384e-11 -2.506779628276317542e-12 -6.722654892096003932e-12
-1.064788602147274776e+00 -1.053520988945046353e-10 4.164291798823315433e-12 -5.479978619649543620e-12 -2.610698967541164039e-01 -6.934199302172610233e-11 -2.267474430456433055e-11 2.794893071079282740e-11
-1.064788602253942562e+00 -1.134634511558066385e-10 -1.227564406012531543e-11 1.907153154520601226e-11 -2.610698968181842106e-01 -3.084468949847628447e-11 6.117204782781414842e-11 -4.100537235788015058e-11
-1.064788602360610126e+00 -8.080014464043922608e-11 4.493895057549271652e-11 -6.805786994422879020e-12 -2.610698968288622246e-01 -3.151671091648845876e-11 -6.184406924582630978e-11 1.861495951827486996e-11
-1.064788602403277107e+00 -1.133960447272243253e-11 2.452158959222407865e-11 -1.318198511950164612e-11 -2.610698969036080452e-01 -9.935997085331645873e-11 -5.999190691001697467e-12 -1.420534651894920397e-12
-1.064788602403277107e+00 -1.842380646779210366e-12 -1.502436576628085810e-11 -1.513365591492066856e-11 -2.610698970103877414e-01 -1.156199561910046219e-10 -1.026079464668645846e-11 1.910099913032676667e-11
-1.064788602435277509e+00 -7.729207992410294517e-11 -6.042533351104286377e-11 3.104984976441986245e-11 -2.610698971171674931e-01 -7.883854809339724529e-11 4.704220274429383671e-11 -2.159355826015436634e-11
-1.064788602541945073e+00 -1.049931976529290660e-10 3.272421578221673651e-11 -1.306520229263137758e-11 -2.610698971705573967e-01 -4.953481738527267410e-11 -1.773847203616926229e-11 3.205482805944329696e-12
-1.064788602627279257e+00 -7.874037296638971923e-11 -6.471391095677396238e-12 4.254478300269773093e-11 -2.610698972346252034e-01 -7.539531303977820596e-11 -8.122023618336272802e-12 8.771516014074583421e-12
-1.064788602669946238e+00 3.595119385034867461e-11 1.211629579124158030e-10 -5.044658809203853760e-11 -2.610698973093710240e-01 -6.532481223422699484e-11 1.819252442388747746e-11 4.420398229624045255e-12
-1.064788602563278674e+00 1.269373453990646678e-10 -3.017680636369981624e-11 9.907024635361093274e-12 -2.610698973520829136e-01 -1.567856869757990415e-11 3.145371911275961322e-11 -2.645316444372200216e-11
-1.064788602456611111e+00 9.630480657774830710e-11 -4.557324576165370284e-13 1.519108192055123428e-13 -2.610698973627609276e-01 -3.213062380322667772e-11 -4.790577421840638679e-11 1.596859140613546226e-11
