-1.064788603608621598e+00 -2.610698914364854017e-01
-1.064788603619288399e+00 -2.610698914471633603e-01
-1.064788603629955199e+00 -2.610698914471633603e-01
-1.064788603629955199e+00 -2.610698914578413743e-01
-1.064788603640621778e+00 -2.610698914685193328e-01
-1.064788603640621778e+00 -2.610698914791972913e-01
-1.064788603640621778e+00 -2.610698914898752498e-01
-1.064788603640621778e+00 -2.610698915005532639e-01
-1.064788603640621778e+00 -2.610698915112312224e-01
-1.064788603640621778e+00 -2.610698915219091809e-01
-1.064788603651288579e+00 -2.610698915325871949e-01
-1.064788603651288579e+00 -2.610698915432651535e-01
-1.064788603661955380e+00 -2.610698915539431120e-01
-1.064788603661955380e+00 -2.610698915646210705e-01
-1.064788603672622180e+00 -2.610698915752990845e-01
-1.064788603683288981e+00 -2.610698915859770430e-01
-1.064788603693955782e+00 -2.610698915966550016e-01
-1.064788603704622361e+00 -2.610698916073329601e-01
-1.064788603715289161e+00 -2.610698916073329601e-01
-1.064788603715289161e+00 -2.610698916180109741e-01
-1.064788603725955962e+00 -2.610698916286889326e-01
-1.064788603725955962e+00 -2.610698916393668911e-01
-1.064788603725955962e+00 -2.610698916500449052e-01
-1.064788603725955962e+00 -2.610698916607228637e-01
-1.064788603715289161e+00 -2.610698916714008222e-01
-1.064788603715289161e+00 -2.610698916820787807e-01
-1.064788603715289161e+00 -2.610698916927567947e-01
-1.064788603704622361e+00 -2.610698917034347533e-01
-1.064788603704622361e+00 -2.610698917141127118e-01
-1.064788603704622361e+00 -2.610698917247906703e-01
-1.064788603704622361e+00 -2.610698917354686843e-01
-1.064788603704622361e+00 -2.610698917461466428e-01
-1.064788603704622361e+00 -2.610698917568246014e-01
-1.064788603704622361e+00 -2.610698917675026154e-01
-1.064788603704622361e+00 -2.610698917781805739e-01
-1.064788603704622361e+00 -2.610698917888585324e-01
-1.064788603704622361e+00 -2.610698917995364909e-01
-1.064788603715289161e+00 -2.610698918102145050e-01
-1.064788603715289161e+00 -2.610698918208924635e-01
-1.064788603725955962e+00 -2.610698918315704220e-01
-1.064788603725955962e+00 -2.610698918422484360e-01
-1.064788603736622763e+00 -2.610698918529263945e-01
-1.064788603747289564e+00 -2.610698918636043531e-01
-1.064788603757956365e+00 -2.610698918742823116e-01
-1.064788603768622943e+00 -2.610698918849603256e-01
-1.064788603779289744e+00 -2.610698918956382841e-01
-1.064788603789956545e+00 -2.610698919063162426e-01
-1.064788603800623346e+00 -2.610698919063162426e-01
-1.064788603811290146e+00 -2.610698919169942012e-01
-1.064788603821956947e+00 -2.610698919169942012e-01
-1.064788603832623526e+00 -2.610698919276722152e-01
-1.064788603843290327e+00 -2.610698919383501737e-01
-1.064788603853957127e+00 -2.610698919383501737e-01
-1.064788603853957127e+00 -2.610698919490281322e-01
-1.064788603864623928e+00 -2.610698919597061463e-01
-1.064788603875290729e+00 -2.610698919703841048e-01
-1.064788603885957530e+00 -2.610698919810620633e-01
-1.064788603896624108e+00 -2.610698919917400218e-01
-1.064788603907290909e+00 -2.610698920024180358e-01
-1.064788603917957710e+00 -2.610698920130959944e-01
-1.064788603928624511e+00 -2.610698920237739529e-01
-1.064788603939291312e+00 -2.610698920237739529e-01
-1.064788603949958112e+00 -2.610698920344519669e-01
-1.064788603960624691e+00 -2.610698920344519669e-01
-1.064788603971291492e+00 -2.610698920344519669e-01
-1.064788603981958293e+00 -2.610698920451299254e-01
-1.064788603992625093e+00 -2.610698920451299254e-01
-1.064788604003291894e+00 -2.610698920451299254e-01
-1.064788604013958695e+00 -2.610698920451299254e-01
-1.064788604024625274e+00 -2.610698920451299254e-01
-1.064788604035292074e+00 -2.610698920451299254e-01
-1.064788604045958875e+00 -2.610698920451299254e-01
-1.064788604056625676e+00 -2.610698920344519669e-01
-1.064788604067292477e+00 -2.610698920344519669e-01
-1.064788604077959278e+00 -2.610698920344519669e-01
-1.064788604088625856e+00 -2.610698920344519669e-01
-1.064788604099292657e+00 -2.610698920344519669e-01
-1.064788604109959458e+00 -2.610698920237739529e-01
-1.064788604120626259e+00 -2.610698920237739529e-01
-1.064788604131293059e+00 -2.610698920237739529e-01
-1.064788604141959860e+00 -2.610698920130959944e-01
-1.064788604152626439e+00 -2.610698920130959944e-01
-1.064788604163293240e+00 -2.610698920024180358e-01
-1.064788604173960040e+00 -2.610698920024180358e-01
-1.064788604184626841e+00 -2.610698920024180358e-01
-1.064788604195293642e+00 -2.610698920024180358e-01
-1.064788604205960443e+00 -2.610698920024180358e-01
-1.064788604216627022e+00 -2.610698920024180358e-01
-1.064788604227293822e+00 -2.610698920130959944e-01
-1.064788604227293822e+00 -2.610698920237739529e-01
-1.064788604227293822e+00 -2.610698920344519669e-01
-1.064788604237960623e+00 -2.610698920451299254e-01
-1.064788604237960623e+00 -2.610698920558078839e-01
-1.064788604248627424e+00 -2.610698920664858425e-01
-1.064788604259294225e+00 -2.610698920771638565e-01
-1.064788604259294225e+00 -2.610698920878418150e-01
-1.064788604259294225e+00 -2.610698920985197735e-01
-1.064788604269961025e+00 -2.610698921091977320e-01
-1.064788604269961025e+00 -2.610698921198757461e-01
-1.064788604269961025e+00 -2.610698921305537046e-01
-1.064788604280627604e+00 -2.610698921412316631e-01
-1.064788604280627604e+00 -2.610698921519096771e-01
-1.064788604291294405e+00 -2.610698921625876356e-01
-1.064788604301961206e+00 -2.610698921732655942e-01
-1.064788604312628006e+00 -2.610698921839435527e-01
-1.064788604323294807e+00 -2.610698921946215667e-01
-1.064788604333961608e+00 -2.610698922052995252e-01
-1.064788604344628187e+00 -2.610698922159774837e-01
-1.064788604355294988e+00 -2.610698922266554423e-01
-1.064788604365961788e+00 -2.610698922373334563e-01
-1.064788604376628589e+00 -2.610698922373334563e-01
-1.064788604387295390e+00 -2.610698922480114148e-01
-1.064788604397962191e+00 -2.610698922480114148e-01
-1.064788604408628769e+00 -2.610698922480114148e-01
-1.064788604419295570e+00 -2.610698922586893733e-01
-1.064788604429962371e+00 -2.610698922586893733e-01
-1.064788604440629172e+00 -2.610698922586893733e-01
-1.064788604451295972e+00 -2.610698922586893733e-01
-1.064788604461962773e+00 -2.610698922586893733e-01
-1.064788604472629352e+00 -2.610698922586893733e-01
-1.064788604483296153e+00 -2.610698922586893733e-01
-1.064788604493962954e+00 -2.610698922586893733e-01
-1.064788604504629754e+00 -2.610698922586893733e-01
-1.064788604515296555e+00 -2.610698922586893733e-01
-1.064788604525963356e+00 -2.610698922586893733e-01
-1.064788604536629935e+00 -2.610698922693673873e-01
-1.064788604547296735e+00 -2.610698922693673873e-01
-1.064788604557963536e+00 -2.610698922693673873e-01
-1.064788604568630337e+00 -2.610698922693673873e-01
-1.064788604579297138e+00 -2.610698922693673873e-01
-1.064788604589963938e+00 -2.610698922693673873e-01
-1.064788604600630739e+00 -2.610698922693673873e-01
-1.064788604611297318e+00 -2.610698922693673873e-01
-1.064788604621964119e+00 -2.610698922693673873e-01
-1.064788604632630920e+00 -2.610698922693673873e-01
-1.064788604643297720e+00 -2.610698922693673873e-01
-1.064788604653964521e+00 -2.610698922693673873e-01
-1.064788604664631322e+00 -2.610698922693673873e-01
-1.064788604675297901e+00 -2.610698922693673873e-01
-1.064788604685964701e+00 -2.610698922693673873e-01
-1.064788604696631502e+00 -2.610698922586893733e-01
-1.064788604707298303e+00 -2.610698922586893733e-01
-1.064788604717965104e+00 -2.610698922586893733e-01
-1.064788604728631904e+00 -2.610698922480114148e-01
-1.064788604739298483e+00 -2.610698922480114148e-01
-1.064788604749965284e+00 -2.610698922373334563e-01
-1.064788604760632085e+00 -2.610698922373334563e-01
-1.064788604771298886e+00 -2.610698922266554423e-01
-1.064788604781965686e+00 -2.610698922159774837e-01
-1.064788604792632487e+00 -2.610698922052995252e-01
-1.064788604803299066e+00 -2.610698921946215667e-01
-1.064788604813965867e+00 -2.610698921839435527e-01
-1.064788604813965867e+00 -2.610698921732655942e-01
-1.064788604824632667e+00 -2.610698921625876356e-01
-1.064788604835299468e+00 -2.610698921519096771e-01
-1.064788604835299468e+00 -2.610698921412316631e-01
-1.064788604845966269e+00 -2.610698921305537046e-01
-1.064788604845966269e+00 -2.610698921198757461e-01
-1.064788604856633070e+00 -2.610698921091977320e-01
-1.064788604856633070e+00 -2.610698920985197735e-01
-1.064788604856633070e+00 -2.610698920878418150e-01
-1.064788604867299648e+00 -2.610698920771638565e-01
-1.064788604867299648e+00 -2.610698920664858425e-01
-1.064788604867299648e+00 -2.610698920558078839e-01
-1.064788604877966449e+00 -2.610698920451299254e-01
-1.064788604877966449e+00 -2.610698920344519669e-01
-1.064788604877966449e+00 -2.610698920237739529e-01
-1.064788604877966449e+00 -2.610698920130959944e-01
-1.064788604877966449e+00 -2.610698920024180358e-01
-1.064788604877966449e+00 -2.610698919917400218e-01
-1.064788604877966449e+00 -2.610698919810620633e-01
-1.064788604888633250e+00 -2.610698919703841048e-01
-1.064788604888633250e+00 -2.610698919597061463e-01
-1.064788604888633250e+00 -2.610698919490281322e-01
-1.064788604899300051e+00 -2.610698919490281322e-01
-1.064788604909966852e+00 -2.610698919383501737e-01
-1.064788604920633652e+00 -2.610698919383501737e-01
-1.064788604931300231e+00 -2.610698919383501737e-01
-1.064788604941967032e+00 -2.610698919383501737e-01
-1.064788604952633833e+00 -2.610698919276722152e-01
-1.064788604963300633e+00 -2.610698919169942012e-01
-1.064788604973967434e+00 -2.610698919063162426e-01
-1.064788604984634235e+00 -2.610698919063162426e-01
-1.064788604995300814e+00 -2.610698918956382841e-01
-1.064788604995300814e+00 -2.610698918849603256e-01
-1.064788605005967614e+00 -2.610698918742823116e-01
-1.064788605005967614e+00 -2.610698918636043531e-01
-1.064788605005967614e+00 -2.610698918529263945e-01
-1.064788605005967614e+00 -2.610698918422484360e-01
-1.064788605005967614e+00 -2.610698918315704220e-01
-1.064788605005967614e+00 -2.610698918208924635e-01
-1.064788605005967614e+00 -2.610698918102145050e-01
-1.064788605016634415e+00 -2.610698917995364909e-01
-1.064788605016634415e+00 -2.610698917888585324e-01
-1.064788605016634415e+00 -2.610698917781805739e-01
-1.064788605027301216e+00 -2.610698917675026154e-01
-1.064788605037968017e+00 -2.610698917568246014e-01
-1.064788605048634818e+00 -2.610698917568246014e-01
-1.064788605059301396e+00 -2.610698917568246014e-01
-1.064788605069968197e+00 -2.610698917568246014e-01
-1.064788605080634998e+00 -2.610698917675026154e-01
-1.064788605091301799e+00 -2.610698917675026154e-01
-1.064788605091301799e+00 -2.610698917781805739e-01
-1.064788605101968599e+00 -2.610698917888585324e-01
-1.064788605112635400e+00 -2.610698917995364909e-01
-1.064788605123301979e+00 -2.610698918102145050e-01
-1.064788605133968780e+00 -2.610698918102145050e-01
-1.064788605144635580e+00 -2.610698918102145050e-01
-1.064788605155302381e+00 -2.610698918102145050e-01
-1.064788605165969182e+00 -2.610698918102145050e-01
-1.064788605176635983e+00 -2.610698917995364909e-01
-1.064788605187302561e+00 -2.610698917995364909e-01
-1.064788605197969362e+00 -2.610698917995364909e-01
-1.064788605208636163e+00 -2.610698917995364909e-01
-1.064788605219302964e+00 -2.610698917995364909e-01
-1.064788605229969765e+00 -2.610698918102145050e-01
-1.064788605240636565e+00 -2.610698918208924635e-01
-1.064788605251303144e+00 -2.610698918315704220e-01
-1.064788605261969945e+00 -2.610698918315704220e-01
-1.064788605272636746e+00 -2.610698918208924635e-01
-1.064788605283303546e+00 -2.610698918208924635e-01
-1.064788605293970347e+00 -2.610698918208924635e-01
-1.064788605304637148e+00 -2.610698918102145050e-01
-1.064788605315303727e+00 -2.610698917995364909e-01
-1.064788605315303727e+00 -2.610698917888585324e-01
-1.064788605325970527e+00 -2.610698917781805739e-01
-1.064788605325970527e+00 -2.610698917675026154e-01
-1.064788605336637328e+00 -2.610698917568246014e-01
-1.064788605336637328e+00 -2.610698917461466428e-01
-1.064788605347304129e+00 -2.610698917354686843e-01
-1.064788605357970930e+00 -2.610698917247906703e-01
-1.064788605368637731e+00 -2.610698917141127118e-01
-1.064788605379304309e+00 -2.610698917141127118e-01
-1.064788605389971110e+00 -2.610698917141127118e-01
-1.064788605400637911e+00 -2.610698917141127118e-01
-1.064788605411304712e+00 -2.610698917141127118e-01
-1.064788605421971512e+00 -2.610698917141127118e-01
-1.064788605432638313e+00 -2.610698917034347533e-01
-1.064788605443304892e+00 -2.610698916927567947e-01
-1.064788605453971693e+00 -2.610698916820787807e-01
-1.064788605464638493e+00 -2.610698916820787807e-01
-1.064788605475305294e+00 -2.610698916820787807e-01
-1.064788605485972095e+00 -2.610698916820787807e-01
-1.064788605496638896e+00 -2.610698916927567947e-01
-1.064788605496638896e+00 -2.610698917034347533e-01
-1.064788605496638896e+00 -2.610698917141127118e-01
-1.064788605496638896e+00 -2.610698917247906703e-01
-1.064788605485972095e+00 -2.610698917354686843e-01
-1.064788605485972095e+00 -2.610698917461466428e-01
-1.064788605485972095e+00 -2.610698917568246014e-01
-1.064788605485972095e+00 -2.610698917675026154e-01
-1.064788605485972095e+00 -2.610698917781805739e-01
-1.064788605475305294e+00 -2.610698917888585324e-01
-1.064788605475305294e+00 -2.610698917995364909e-01
-1.064788605464638493e+00 -2.610698918102145050e-01
-1.064788605453971693e+00 -2.610698918102145050e-01
-1.064788605443304892e+00 -2.610698918208924635e-01
-1.064788605432638313e+00 -2.610698918208924635e-01
-1.064788605421971512e+00 -2.610698918315704220e-01
-1.064788605421971512e+00 -2.610698918422484360e-01
-1.064788605421971512e+00 -2.610698918529263945e-01
-1.064788605432638313e+00 -2.610698918636043531e-01
-1.064788605432638313e+00 -2.610698918742823116e-01
-1.064788605432638313e+00 -2.610698918849603256e-01
-1.064788605432638313e+00 -2.610698918956382841e-01
-1.064788605432638313e+00 -2.610698919063162426e-01
-1.064788605421971512e+00 -2.610698919169942012e-01
-1.064788605421971512e+00 -2.610698919276722152e-01
-1.064788605421971512e+00 -2.610698919383501737e-01
-1.064788605432638313e+00 -2.610698919490281322e-01
-1.064788605443304892e+00 -2.610698919597061463e-01
-1.064788605453971693e+00 -2.610698919703841048e-01
-1.064788605453971693e+00 -2.610698919810620633e-01
-1.064788605464638493e+00 -2.610698919917400218e-01
-1.064788605464638493e+00 -2.610698920024180358e-01
-1.064788605453971693e+00 -2.610698920130959944e-01
-1.064788605453971693e+00 -2.610698920237739529e-01
-1.064788605443304892e+00 -2.610698920344519669e-01
-1.064788605432638313e+00 -2.610698920344519669e-01
-1.064788605421971512e+00 -2.610698920344519669e-01
-1.064788605411304712e+00 -2.610698920344519669e-01
-1.064788605400637911e+00 -2.610698920451299254e-01
-1.064788605389971110e+00 -2.610698920451299254e-01
-1.064788605379304309e+00 -2.610698920451299254e-01
-1.064788605368637731e+00 -2.610698920558078839e-01
-1.064788605368637731e+00 -2.610698920664858425e-01
-1.064788605357970930e+00 -2.610698920771638565e-01
-1.064788605357970930e+00 -2.610698920878418150e-01
-1.064788605347304129e+00 -2.610698920985197735e-01
-1.064788605336637328e+00 -2.610698920985197735e-01
-1.064788605325970527e+00 -2.610698921091977320e-01
-1.064788605315303727e+00 -2.610698921091977320e-01
-1.064788605304637148e+00 -2.610698921091977320e-01
-1.064788605293970347e+00 -2.610698921091977320e-01
-1.064788605283303546e+00 -2.610698921091977320e-01
-1.064788605272636746e+00 -2.610698921091977320e-01
-1.064788605261969945e+00 -2.610698921198757461e-01
-1.064788605251303144e+00 -2.610698921198757461e-01
-1.064788605240636565e+00 -2.610698921305537046e-01
-1.064788605229969765e+00 -2.610698921412316631e-01
-1.064788605219302964e+00 -2.610698921519096771e-01
-1.064788605208636163e+00 -2.610698921625876356e-01
-1.064788605208636163e+00 -2.610698921732655942e-01
-1.064788605197969362e+00 -2.610698921839435527e-01
-1.064788605197969362e+00 -2.610698921946215667e-01
-1.064788605197969362e+00 -2.610698922052995252e-01
-1.064788605197969362e+00 -2.610698922159774837e-01
-1.064788605197969362e+00 -2.610698922266554423e-01
-1.064788605197969362e+00 -2.610698922373334563e-01
-1.064788605197969362e+00 -2.610698922480114148e-01
-1.064788605197969362e+00 -2.610698922586893733e-01
-1.064788605208636163e+00 -2.610698922693673873e-01
-1.064788605208636163e+00 -2.610698922800453459e-01
-1.064788605219302964e+00 -2.610698922907233044e-01
-1.064788605219302964e+00 -2.610698923014012629e-01
-1.064788605229969765e+00 -2.610698923120792769e-01
-1.064788605229969765e+00 -2.610698923227572354e-01
-1.064788605229969765e+00 -2.610698923334351940e-01
-1.064788605229969765e+00 -2.610698923441132080e-01
-1.064788605229969765e+00 -2.610698923547911665e-01
-1.064788605229969765e+00 -2.610698923654691250e-01
-1.064788605229969765e+00 -2.610698923761470835e-01
-1.064788605240636565e+00 -2.610698923868250976e-01
-1.064788605240636565e+00 -2.610698923975030561e-01
-1.064788605251303144e+00 -2.610698924081810146e-01
-1.064788605261969945e+00 -2.610698924188589731e-01
-1.064788605272636746e+00 -2.610698924295369872e-01
-1.064788605283303546e+00 -2.610698924295369872e-01
-1.064788605293970347e+00 -2.610698924402149457e-01
-1.064788605304637148e+00 -2.610698924402149457e-01
-1.064788605315303727e+00 -2.610698924508929042e-01
-1.064788605325970527e+00 -2.610698924508929042e-01
-1.064788605325970527e+00 -2.610698924615709182e-01
-1.064788605336637328e+00 -2.610698924722488767e-01
-1.064788605336637328e+00 -2.610698924829268353e-01
-1.064788605336637328e+00 -2.610698924936047938e-01
-1.064788605336637328e+00 -2.610698925042828078e-01
-1.064788605325970527e+00 -2.610698925149607663e-01
-1.064788605325970527e+00 -2.610698925256387248e-01
-1.064788605315303727e+00 -2.610698925363167389e-01
-1.064788605304637148e+00 -2.610698925469946974e-01
-1.064788605293970347e+00 -2.610698925576726559e-01
-1.064788605293970347e+00 -2.610698925683506144e-01
-1.064788605283303546e+00 -2.610698925790286284e-01
-1.064788605283303546e+00 -2.610698925897065870e-01
-1.064788605283303546e+00 -2.610698926003845455e-01
-1.064788605283303546e+00 -2.610698926110625040e-01
-1.064788605293970347e+00 -2.610698926217405180e-01
-1.064788605293970347e+00 -2.610698926324184765e-01
-1.064788605293970347e+00 -2.610698926430964351e-01
-1.064788605293970347e+00 -2.610698926537744491e-01
-1.064788605293970347e+00 -2.610698926644524076e-01
-1.064788605293970347e+00 -2.610698926751303661e-01
-1.064788605304637148e+00 -2.610698926858083246e-01
-1.064788605304637148e+00 -2.610698926964863387e-01
-1.064788605304637148e+00 -2.610698927071642972e-01
-1.064788605304637148e+00 -2.610698927178422557e-01
-1.064788605304637148e+00 -2.610698927285202142e-01
-1.064788605315303727e+00 -2.610698927391982282e-01
-1.064788605315303727e+00 -2.610698927498761868e-01
-1.064788605325970527e+00 -2.610698927605541453e-01
-1.064788605336637328e+00 -2.610698927712321593e-01
-1.064788605347304129e+00 -2.610698927819101178e-01
-1.064788605357970930e+00 -2.610698927925880763e-01
-1.064788605368637731e+00 -2.610698927925880763e-01
-1.064788605379304309e+00 -2.610698928032660349e-01
-1.064788605389971110e+00 -2.610698928032660349e-01
-1.064788605400637911e+00 -2.610698928139440489e-01
-1.064788605411304712e+00 -2.610698928139440489e-01
-1.064788605421971512e+00 -2.610698928139440489e-01
-1.064788605432638313e+00 -2.610698928139440489e-01
-1.064788605443304892e+00 -2.610698928139440489e-01
-1.064788605453971693e+00 -2.610698928139440489e-01
-1.064788605464638493e+00 -2.610698928139440489e-01
-1.064788605475305294e+00 -2.610698928032660349e-01
-1.064788605485972095e+00 -2.610698928032660349e-01
-1.064788605496638896e+00 -2.610698927925880763e-01
-1.064788605507305475e+00 -2.610698927925880763e-01
-1.064788605517972275e+00 -2.610698927925880763e-01
-1.064788605528639076e+00 -2.610698927925880763e-01
-1.064788605539305877e+00 -2.610698927925880763e-01
-1.064788605549972678e+00 -2.610698927925880763e-01
-1.064788605560639478e+00 -2.610698928032660349e-01
-1.064788605560639478e+00 -2.610698928139440489e-01
-1.064788605571306057e+00 -2.610698928246220074e-01
-1.064788605581972858e+00 -2.610698928246220074e-01
-1.064788605592639659e+00 -2.610698928352999659e-01
-1.064788605603306459e+00 -2.610698928352999659e-01
-1.064788605613973260e+00 -2.610698928246220074e-01
-1.064788605624640061e+00 -2.610698928246220074e-01
-1.064788605635306640e+00 -2.610698928246220074e-01
-1.064788605645973441e+00 -2.610698928246220074e-01
-1.064788605656640241e+00 -2.610698928246220074e-01
-1.064788605667307042e+00 -2.610698928246220074e-01
-1.064788605677973843e+00 -2.610698928246220074e-01
-1.064788605688640644e+00 -2.610698928352999659e-01
-1.064788605688640644e+00 -2.610698928459779800e-01
-1.064788605688640644e+00 -2.610698928566559385e-01
-1.064788605688640644e+00 -2.610698928673338970e-01
-1.064788605688640644e+00 -2.610698928780118555e-01
-1.064788605677973843e+00 -2.610698928886898695e-01
-1.064788605667307042e+00 -2.610698928993678281e-01
-1.064788605667307042e+00 -2.610698929100457866e-01
-1.064788605667307042e+00 -2.610698929207237451e-01
-1.064788605667307042e+00 -2.610698929314017591e-01
-1.064788605667307042e+00 -2.610698929420797176e-01
-1.064788605667307042e+00 -2.610698929527576762e-01
-1.064788605667307042e+00 -2.610698929634356902e-01
-1.064788605656640241e+00 -2.610698929741136487e-01
-1.064788605645973441e+00 -2.610698929741136487e-01
-1.064788605635306640e+00 -2.610698929847916072e-01
-1.064788605624640061e+00 -2.610698929847916072e-01
-1.064788605613973260e+00 -2.610698929954695657e-01
-1.064788605603306459e+00 -2.610698929954695657e-01
-1.064788605592639659e+00 -2.610698930061475798e-01
-1.064788605581972858e+00 -2.610698930061475798e-01
-1.064788605571306057e+00 -2.610698930168255383e-01
-1.064788605560639478e+00 -2.610698930275034968e-01
-1.064788605549972678e+00 -2.610698930381815108e-01
-1.064788605549972678e+00 -2.610698930488594693e-01
-1.064788605539305877e+00 -2.610698930595374279e-01
-1.064788605539305877e+00 -2.610698930702153864e-01
-1.064788605539305877e+00 -2.610698930808934004e-01
-1.064788605539305877e+00 -2.610698930915713589e-01
-1.064788605539305877e+00 -2.610698931022493174e-01
-1.064788605539305877e+00 -2.610698931129272760e-01
-1.064788605539305877e+00 -2.610698931236052900e-01
-1.064788605539305877e+00 -2.610698931342832485e-01
-1.064788605539305877e+00 -2.610698931449612070e-01
-1.064788605539305877e+00 -2.610698931556392210e-01
-1.064788605539305877e+00 -2.610698931663171796e-01
-1.064788605539305877e+00 -2.610698931769951381e-01
-1.064788605539305877e+00 -2.610698931876730966e-01
-1.064788605539305877e+00 -2.610698931983511106e-01
-1.064788605539305877e+00 -2.610698932090290691e-01
-1.064788605539305877e+00 -2.610698932197070277e-01
-1.064788605539305877e+00 -2.610698932303849862e-01
-1.064788605539305877e+00 -2.610698932410630002e-01
-1.064788605539305877e+00 -2.610698932517409587e-01
-1.064788605539305877e+00 -2.610698932624189172e-01
-1.064788605539305877e+00 -2.610698932730969313e-01
-1.064788605549972678e+00 -2.610698932837748898e-01
-1.064788605549972678e+00 -2.610698932944528483e-01
-1.064788605560639478e+00 -2.610698933051308068e-01
-1.064788605560639478e+00 -2.610698933158088209e-01
-1.064788605571306057e+00 -2.610698933264867794e-01
-1.064788605581972858e+00 -2.610698933371647379e-01
-1.064788605592639659e+00 -2.610698933478427519e-01
-1.064788605603306459e+00 -2.610698933585207104e-01
-1.064788605613973260e+00 -2.610698933585207104e-01
-1.064788605624640061e+00 -2.610698933691986690e-01
-1.064788605635306640e+00 -2.610698933691986690e-01
-1.064788605645973441e+00 -2.610698933798766275e-01
-1.064788605656640241e+00 -2.610698933798766275e-01
-1.064788605667307042e+00 -2.610698933798766275e-01
-1.064788605677973843e+00 -2.610698933905546415e-01
-1.064788605688640644e+00 -2.610698933905546415e-01
-1.064788605699307444e+00 -2.610698933905546415e-01
-1.064788605709974023e+00 -2.610698933905546415e-01
-1.064788605720640824e+00 -2.610698933905546415e-01
-1.064788605731307625e+00 -2.610698933905546415e-01
-1.064788605741974425e+00 -2.610698933905546415e-01
-1.064788605752641226e+00 -2.610698934012326000e-01
-1.064788605763308027e+00 -2.610698934012326000e-01
-1.064788605773974606e+00 -2.610698934012326000e-01
-1.064788605773974606e+00 -2.610698934119105585e-01
-1.064788605784641407e+00 -2.610698934225885171e-01
-1.064788605784641407e+00 -2.610698934332665311e-01
-1.064788605784641407e+00 -2.610698934439444896e-01
-1.064788605784641407e+00 -2.610698934546224481e-01
-1.064788605784641407e+00 -2.610698934653004621e-01
-1.064788605784641407e+00 -2.610698934759784207e-01
-1.064788605784641407e+00 -2.610698934866563792e-01
-1.064788605784641407e+00 -2.610698934973343377e-01
-1.064788605784641407e+00 -2.610698935080123517e-01
-1.064788605784641407e+00 -2.610698935186903102e-01
-1.064788605784641407e+00 -2.610698935293682688e-01
-1.064788605784641407e+00 -2.610698935400462828e-01
-1.064788605784641407e+00 -2.610698935507242413e-01
-1.064788605795308207e+00 -2.610698935614021998e-01
-1.064788605795308207e+00 -2.610698935720801583e-01
-1.064788605795308207e+00 -2.610698935827581724e-01
-1.064788605805975008e+00 -2.610698935934361309e-01
-1.064788605805975008e+00 -2.610698936041140894e-01
-1.064788605816641809e+00 -2.610698936147920479e-01
-1.064788605827308610e+00 -2.610698936254700619e-01
-1.064788605837975188e+00 -2.610698936361480205e-01
-1.064788605848641989e+00 -2.610698936468259790e-01
-1.064788605859308790e+00 -2.610698936575039930e-01
-1.064788605869975591e+00 -2.610698936575039930e-01
-1.064788605880642391e+00 -2.610698936681819515e-01
-1.064788605891309192e+00 -2.610698936681819515e-01
-1.064788605901975771e+00 -2.610698936788599100e-01
-1.064788605912642572e+00 -2.610698936788599100e-01
-1.064788605923309373e+00 -2.610698936895378686e-01
-1.064788605933976173e+00 -2.610698936895378686e-01
-1.064788605944642974e+00 -2.610698936895378686e-01
-1.064788605955309775e+00 -2.610698937002158826e-01
-1.064788605965976354e+00 -2.610698937002158826e-01
-1.064788605976643154e+00 -2.610698937002158826e-01
-1.064788605987309955e+00 -2.610698937108938411e-01
-1.064788605997976756e+00 -2.610698937108938411e-01
-1.064788606008643557e+00 -2.610698937215717996e-01
-1.064788606019310357e+00 -2.610698937215717996e-01
-1.064788606029976936e+00 -2.610698937215717996e-01
-1.064788606040643737e+00 -2.610698937322497581e-01
-1.064788606051310538e+00 -2.610698937322497581e-01
-1.064788606061977339e+00 -2.610698937322497581e-01
-1.064788606072644139e+00 -2.610698937322497581e-01
-1.064788606083310940e+00 -2.610698937322497581e-01
-1.064788606093977519e+00 -2.610698937322497581e-01
-1.064788606104644320e+00 -2.610698937322497581e-01
-1.064788606115311120e+00 -2.610698937322497581e-01
-1.064788606125977921e+00 -2.610698937322497581e-01
-1.064788606136644722e+00 -2.610698937215717996e-01
-1.064788606147311523e+00 -2.610698937215717996e-01
-1.064788606157978101e+00 -2.610698937108938411e-01
-1.064788606168644902e+00 -2.610698937108938411e-01
-1.064788606179311703e+00 -2.610698937002158826e-01
-1.064788606189978504e+00 -2.610698936895378686e-01
-1.064788606200645305e+00 -2.610698936788599100e-01
-1.064788606211312105e+00 -2.610698936681819515e-01
-1.064788606221978684e+00 -2.610698936575039930e-01
-1.064788606232645485e+00 -2.610698936468259790e-01
-1.064788606243312286e+00 -2.610698936361480205e-01
-1.064788606253979086e+00 -2.610698936254700619e-01
-1.064788606264645887e+00 -2.610698936147920479e-01
-1.064788606264645887e+00 -2.610698936041140894e-01
-1.064788606275312688e+00 -2.610698935934361309e-01
-1.064788606275312688e+00 -2.610698935827581724e-01
-1.064788606285979267e+00 -2.610698935720801583e-01
-1.064788606296646067e+00 -2.610698935614021998e-01
-1.064788606307312868e+00 -2.610698935614021998e-01
-1.064788606317979669e+00 -2.610698935614021998e-01
-1.064788606328646470e+00 -2.610698935614021998e-01
-1.064788606339313271e+00 -2.610698935614021998e-01
-1.064788606349979849e+00 -2.610698935614021998e-01
-1.064788606360646650e+00 -2.610698935507242413e-01
-1.064788606371313451e+00 -2.610698935507242413e-01
-1.064788606381980252e+00 -2.610698935507242413e-01
-1.064788606392647052e+00 -2.610698935400462828e-01
-1.064788606403313853e+00 -2.610698935293682688e-01
-1.064788606403313853e+00 -2.610698935186903102e-01
-1.064788606413980432e+00 -2.610698935080123517e-01
-1.064788606413980432e+00 -2.610698934973343377e-01
-1.064788606413980432e+00 -2.610698934866563792e-01
-1.064788606413980432e+00 -2.610698934759784207e-01
-1.064788606424647233e+00 -2.610698934653004621e-01
-1.064788606424647233e+00 -2.610698934546224481e-01
-1.064788606435314033e+00 -2.610698934439444896e-01
-1.064788606445980834e+00 -2.610698934439444896e-01
-1.064788606456647635e+00 -2.610698934332665311e-01
-1.064788606467314436e+00 -2.610698934332665311e-01
-1.064788606477981014e+00 -2.610698934439444896e-01
-1.064788606488647815e+00 -2.610698934439444896e-01
-1.064788606488647815e+00 -2.610698934546224481e-01
-1.064788606499314616e+00 -2.610698934653004621e-01
-1.064788606499314616e+00 -2.610698934759784207e-01
-1.064788606509981417e+00 -2.610698934866563792e-01
-1.064788606520648218e+00 -2.610698934973343377e-01
-1.064788606531315018e+00 -2.610698934973343377e-01
-1.064788606541981597e+00 -2.610698935080123517e-01
-1.064788606552648398e+00 -2.610698934973343377e-01
-1.064788606563315199e+00 -2.610698934973343377e-01
-1.064788606573981999e+00 -2.610698934973343377e-01
-1.064788606584648800e+00 -2.610698934973343377e-01
-1.064788606595315601e+00 -2.610698934973343377e-01
-1.064788606605982180e+00 -2.610698935080123517e-01
-1.064788606616648980e+00 -2.610698935080123517e-01
-1.064788606627315781e+00 -2.610698935186903102e-01
-1.064788606637982582e+00 -2.610698935186903102e-01
-1.064788606648649383e+00 -2.610698935186903102e-01
-1.064788606659316184e+00 -2.610698935186903102e-01
-1.064788606669982762e+00 -2.610698935186903102e-01
-1.064788606680649563e+00 -2.610698935080123517e-01
-1.064788606691316364e+00 -2.610698935080123517e-01
-1.064788606701983165e+00 -2.610698934973343377e-01
-1.064788606701983165e+00 -2.610698934866563792e-01
-1.064788606701983165e+00 -2.610698934759784207e-01
-1.064788606712649965e+00 -2.610698934653004621e-01
-1.064788606712649965e+00 -2.610698934546224481e-01
-1.064788606712649965e+00 -2.610698934439444896e-01
-1.064788606723316766e+00 -2.610698934332665311e-01
-1.064788606723316766e+00 -2.610698934225885171e-01
-1.064788606733983345e+00 -2.610698934119105585e-01
-1.064788606744650146e+00 -2.610698934012326000e-01
-1.064788606755316946e+00 -2.610698934012326000e-01
-1.064788606765983747e+00 -2.610698934012326000e-01
-1.064788606776650548e+00 -2.610698933905546415e-01
-1.064788606787317349e+00 -2.610698933905546415e-01
-1.064788606797984150e+00 -2.610698933798766275e-01
-1.064788606808650728e+00 -2.610698933798766275e-01
-1.064788606819317529e+00 -2.610698933798766275e-01
-1.064788606829984330e+00 -2.610698933798766275e-01
-1.064788606829984330e+00 -2.610698933905546415e-01
-1.064788606840651131e+00 -2.610698934012326000e-01
-1.064788606840651131e+00 -2.610698934119105585e-01
-1.064788606840651131e+00 -2.610698934225885171e-01
-1.064788606840651131e+00 -2.610698934332665311e-01
-1.064788606840651131e+00 -2.610698934439444896e-01
-1.064788606840651131e+00 -2.610698934546224481e-01
-1.064788606829984330e+00 -2.610698934653004621e-01
-1.064788606829984330e+00 -2.610698934759784207e-01
-1.064788606819317529e+00 -2.610698934866563792e-01
-1.064788606819317529e+00 -2.610698934973343377e-01
-1.064788606819317529e+00 -2.610698935080123517e-01
-1.064788606829984330e+00 -2.610698935186903102e-01
-1.064788606840651131e+00 -2.610698935293682688e-01
-1.064788606851317931e+00 -2.610698935400462828e-01
-1.064788606851317931e+00 -2.610698935507242413e-01
-1.064788606851317931e+00 -2.610698935614021998e-01
-1.064788606851317931e+00 -2.610698935720801583e-01
-1.064788606851317931e+00 -2.610698935827581724e-01
-1.064788606861984732e+00 -2.610698935934361309e-01
-1.064788606872651311e+00 -2.610698935934361309e-01
-1.064788606883318112e+00 -2.610698935934361309e-01
-1.064788606893984912e+00 -2.610698935934361309e-01
-1.064788606904651713e+00 -2.610698936041140894e-01
-1.064788606915318514e+00 -2.610698936041140894e-01
-1.064788606925985315e+00 -2.610698936041140894e-01
-1.064788606936651894e+00 -2.610698936147920479e-01
-1.064788606936651894e+00 -2.610698936254700619e-01
-1.064788606936651894e+00 -2.610698936361480205e-01
-1.064788606936651894e+00 -2.610698936468259790e-01
-1.064788606936651894e+00 -2.610698936575039930e-01
-1.064788606925985315e+00 -2.610698936681819515e-01
-1.064788606925985315e+00 -2.610698936788599100e-01
-1.064788606925985315e+00 -2.610698936895378686e-01
-1.064788606925985315e+00 -2.610698937002158826e-01
-1.064788606936651894e+00 -2.610698937108938411e-01
-1.064788606947318694e+00 -2.610698937215717996e-01
-1.064788606957985495e+00 -2.610698937322497581e-01
-1.064788606968652296e+00 -2.610698937322497581e-01
-1.064788606979319097e+00 -2.610698937429277722e-01
-1.064788606989985897e+00 -2.610698937536057307e-01
-1.064788606989985897e+00 -2.610698937642836892e-01
-1.064788607000652476e+00 -2.610698937749617032e-01
-1.064788607011319277e+00 -2.610698937856396618e-01
-1.064788607021986078e+00 -2.610698937963176203e-01
-1.064788607032652878e+00 -2.610698937963176203e-01
-1.064788607043319679e+00 -2.610698937963176203e-01
-1.064788607053986480e+00 -2.610698937963176203e-01
-1.064788607064653059e+00 -2.610698937963176203e-01
-1.064788607075319860e+00 -2.610698937856396618e-01
-1.064788607085986660e+00 -2.610698937749617032e-01
-1.064788607096653461e+00 -2.610698937642836892e-01
-1.064788607107320262e+00 -2.610698937536057307e-01
-1.064788607117987063e+00 -2.610698937536057307e-01
-1.064788607128653641e+00 -2.610698937429277722e-01
-1.064788607139320442e+00 -2.610698937322497581e-01
-1.064788607149987243e+00 -2.610698937322497581e-01
-1.064788607160654044e+00 -2.610698937322497581e-01
-1.064788607171320844e+00 -2.610698937322497581e-01
-1.064788607181987645e+00 -2.610698937322497581e-01
-1.064788607192654224e+00 -2.610698937322497581e-01
-1.064788607203321025e+00 -2.610698937215717996e-01
-1.064788607213987826e+00 -2.610698937215717996e-01
-1.064788607224654626e+00 -2.610698937108938411e-01
-1.064788607235321427e+00 -2.610698937108938411e-01
-1.064788607245988228e+00 -2.610698937215717996e-01
-1.064788607256654807e+00 -2.610698937322497581e-01
-1.064788607256654807e+00 -2.610698937429277722e-01
-1.064788607267321607e+00 -2.610698937536057307e-01
-1.064788607277988408e+00 -2.610698937642836892e-01
-1.064788607277988408e+00 -2.610698937749617032e-01
-1.064788607288655209e+00 -2.610698937856396618e-01
-1.064788607299322010e+00 -2.610698937963176203e-01
-1.064788607309988810e+00 -2.610698937963176203e-01
-1.064788607320655389e+00 -2.610698937963176203e-01
-1.064788607331322190e+00 -2.610698937963176203e-01
-1.064788607341988991e+00 -2.610698937963176203e-01
-1.064788607352655792e+00 -2.610698937963176203e-01
-1.064788607363322592e+00 -2.610698937963176203e-01
-1.064788607373989393e+00 -2.610698937963176203e-01
-1.064788607384655972e+00 -2.610698937963176203e-01
-1.064788607395322773e+00 -2.610698938069955788e-01
-1.064788607405989573e+00 -2.610698938176735928e-01
-1.064788607405989573e+00 -2.610698938283515513e-01
-1.064788607405989573e+00 -2.610698938390295099e-01
-1.064788607395322773e+00 -2.610698938497075239e-01
-1.064788607384655972e+00 -2.610698938603854824e-01
-1.064788607373989393e+00 -2.610698938603854824e-01
-1.064788607363322592e+00 -2.610698938603854824e-01
-1.064788607352655792e+00 -2.610698938603854824e-01
-1.064788607341988991e+00 -2.610698938710634409e-01
-1.064788607331322190e+00 -2.610698938710634409e-01
-1.064788607320655389e+00 -2.610698938817413994e-01
-1.064788607309988810e+00 -2.610698938924194135e-01
-1.064788607309988810e+00 -2.610698939030973720e-01
-1.064788607299322010e+00 -2.610698939137753305e-01
-1.064788607288655209e+00 -2.610698939137753305e-01
-1.064788607277988408e+00 -2.610698939137753305e-01
-1.064788607267321607e+00 -2.610698939137753305e-01
-1.064788607256654807e+00 -2.610698939137753305e-01
-1.064788607245988228e+00 -2.610698939137753305e-01
-1.064788607235321427e+00 -2.610698939030973720e-01
-1.064788607224654626e+00 -2.610698939030973720e-01
-1.064788607213987826e+00 -2.610698938924194135e-01
-1.064788607203321025e+00 -2.610698938817413994e-01
-1.064788607192654224e+00 -2.610698938710634409e-01
-1.064788607181987645e+00 -2.610698938710634409e-01
-1.064788607171320844e+00 -2.610698938710634409e-01
-1.064788607160654044e+00 -2.610698938710634409e-01
-1.064788607149987243e+00 -2.610698938817413994e-01
-1.064788607139320442e+00 -2.610698938924194135e-01
-1.064788607128653641e+00 -2.610698939030973720e-01
-1.064788607128653641e+00 -2.610698939137753305e-01
-1.064788607117987063e+00 -2.610698939244532890e-01
-1.064788607107320262e+00 -2.610698939351313030e-01
-1.064788607107320262e+00 -2.610698939458092616e-01
-1.064788607096653461e+00 -2.610698939564872201e-01
-1.064788607096653461e+00 -2.610698939671652341e-01
-1.064788607096653461e+00 -2.610698939778431926e-01
-1.064788607085986660e+00 -2.610698939885211511e-01
-1.064788607075319860e+00 -2.610698939885211511e-01
-1.064788607064653059e+00 -2.610698939885211511e-01
-1.064788607053986480e+00 -2.610698939885211511e-01
-1.064788607043319679e+00 -2.610698939885211511e-01
-1.064788607032652878e+00 -2.610698939885211511e-01
-1.064788607021986078e+00 -2.610698939885211511e-01
-1.064788607011319277e+00 -2.610698939991991097e-01
-1.064788607000652476e+00 -2.610698939991991097e-01
-1.064788606989985897e+00 -2.610698939991991097e-01
-1.064788606979319097e+00 -2.610698940098771237e-01
-1.064788606979319097e+00 -2.610698940205550822e-01
-1.064788606979319097e+00 -2.610698940312330407e-01
-1.064788606979319097e+00 -2.610698940419110547e-01
-1.064788606979319097e+00 -2.610698940525890133e-01
-1.064788606989985897e+00 -2.610698940632669718e-01
-1.064788606989985897e+00 -2.610698940739449303e-01
-1.064788606989985897e+00 -2.610698940846229443e-01
-1.064788606989985897e+00 -2.610698940953009028e-01
-1.064788606989985897e+00 -2.610698941059788614e-01
-1.064788606979319097e+00 -2.610698941166568199e-01
-1.064788606979319097e+00 -2.610698941273348339e-01
-1.064788606979319097e+00 -2.610698941380127924e-01
-1.064788606968652296e+00 -2.610698941486907509e-01
-1.064788606957985495e+00 -2.610698941486907509e-01
-1.064788606947318694e+00 -2.610698941486907509e-01
-1.064788606936651894e+00 -2.610698941486907509e-01
-1.064788606925985315e+00 -2.610698941486907509e-01
-1.064788606915318514e+00 -2.610698941380127924e-01
-1.064788606904651713e+00 -2.610698941273348339e-01
-1.064788606904651713e+00 -2.610698941166568199e-01
-1.064788606904651713e+00 -2.610698941059788614e-01
-1.064788606904651713e+00 -2.610698940953009028e-01
-1.064788606893984912e+00 -2.610698940846229443e-01
-1.064788606883318112e+00 -2.610698940739449303e-01
-1.064788606872651311e+00 -2.610698940739449303e-01
-1.064788606861984732e+00 -2.610698940739449303e-01
-1.064788606851317931e+00 -2.610698940632669718e-01
-1.064788606840651131e+00 -2.610698940525890133e-01
-1.064788606829984330e+00 -2.610698940419110547e-01
-1.064788606819317529e+00 -2.610698940419110547e-01
-1.064788606808650728e+00 -2.610698940419110547e-01
-1.064788606797984150e+00 -2.610698940525890133e-01
-1.064788606787317349e+00 -2.610698940525890133e-01
-1.064788606776650548e+00 -2.610698940632669718e-01
-1.064788606765983747e+00 -2.610698940632669718e-01
-1.064788606755316946e+00 -2.610698940632669718e-01
-1.064788606744650146e+00 -2.610698940632669718e-01
-1.064788606733983345e+00 -2.610698940632669718e-01
-1.064788606723316766e+00 -2.610698940525890133e-01
-1.064788606712649965e+00 -2.610698940419110547e-01
-1.064788606712649965e+00 -2.610698940312330407e-01
-1.064788606712649965e+00 -2.610698940205550822e-01
-1.064788606712649965e+00 -2.610698940098771237e-01
-1.064788606712649965e+00 -2.610698939991991097e-01
-1.064788606712649965e+00 -2.610698939885211511e-01
-1.064788606701983165e+00 -2.610698939778431926e-01
-1.064788606701983165e+00 -2.610698939671652341e-01
-1.064788606691316364e+00 -2.610698939564872201e-01
-1.064788606680649563e+00 -2.610698939458092616e-01
-1.064788606669982762e+00 -2.610698939458092616e-01
-1.064788606659316184e+00 -2.610698939458092616e-01
-1.064788606648649383e+00 -2.610698939458092616e-01
-1.064788606637982582e+00 -2.610698939351313030e-01
-1.064788606627315781e+00 -2.610698939351313030e-01
-1.064788606616648980e+00 -2.610698939351313030e-01
-1.064788606605982180e+00 -2.610698939351313030e-01
-1.064788606595315601e+00 -2.610698939244532890e-01
-1.064788606595315601e+00 -2.610698939137753305e-01
-1.064788606584648800e+00 -2.610698939030973720e-01
-1.064788606573981999e+00 -2.610698938924194135e-01
-1.064788606563315199e+00 -2.610698938817413994e-01
-1.064788606552648398e+00 -2.610698938817413994e-01
-1.064788606541981597e+00 -2.610698938710634409e-01
-1.064788606531315018e+00 -2.610698938710634409e-01
-1.064788606520648218e+00 -2.610698938710634409e-01
-1.064788606509981417e+00 -2.610698938710634409e-01
-1.064788606499314616e+00 -2.610698938710634409e-01
-1.064788606488647815e+00 -2.610698938710634409e-01
-1.064788606477981014e+00 -2.610698938710634409e-01
-1.064788606467314436e+00 -2.610698938710634409e-01
-1.064788606456647635e+00 -2.610698938710634409e-01
-1.064788606445980834e+00 -2.610698938817413994e-01
-1.064788606435314033e+00 -2.610698938817413994e-01
-1.064788606424647233e+00 -2.610698938924194135e-01
-1.064788606413980432e+00 -2.610698939030973720e-01
-1.064788606403313853e+00 -2.610698939137753305e-01
-1.064788606392647052e+00 -2.610698939244532890e-01
-1.064788606392647052e+00 -2.610698939351313030e-01
-1.064788606381980252e+00 -2.610698939458092616e-01
-1.064788606381980252e+00 -2.610698939564872201e-01
-1.064788606371313451e+00 -2.610698939671652341e-01
-1.064788606371313451e+00 -2.610698939778431926e-01
-1.064788606360646650e+00 -2.610698939885211511e-01
-1.064788606349979849e+00 -2.610698939991991097e-01
-1.064788606339313271e+00 -2.610698940098771237e-01
-1.064788606339313271e+00 -2.610698940205550822e-01
-1.064788606328646470e+00 -2.610698940312330407e-01
-1.064788606339313271e+00 -2.610698940419110547e-01
-1.064788606339313271e+00 -2.610698940525890133e-01
-1.064788606339313271e+00 -2.610698940632669718e-01
-1.064788606339313271e+00 -2.610698940739449303e-01
-1.064788606339313271e+00 -2.610698940846229443e-01
-1.064788606339313271e+00 -2.610698940953009028e-01
-1.064788606328646470e+00 -2.610698941059788614e-01
-1.064788606317979669e+00 -2.610698941166568199e-01
-1.064788606307312868e+00 -2.610698941166568199e-01
-1.064788606296646067e+00 -2.610698941166568199e-01
-1.064788606285979267e+00 -2.610698941166568199e-01
-1.064788606275312688e+00 -2.610698941166568199e-01
-1.064788606264645887e+00 -2.610698941166568199e-01
-1.064788606253979086e+00 -2.610698941273348339e-01
-1.064788606243312286e+00 -2.610698941380127924e-01
-1.064788606232645485e+00 -2.610698941486907509e-01
-1.064788606221978684e+00 -2.610698941593687650e-01
-1.064788606211312105e+00 -2.610698941593687650e-01
-1.064788606200645305e+00 -2.610698941700467235e-01
-1.064788606189978504e+00 -2.610698941807246820e-01
-1.064788606189978504e+00 -2.610698941914026405e-01
-1.064788606179311703e+00 -2.610698942020806546e-01
-1.064788606179311703e+00 -2.610698942127586131e-01
-1.064788606189978504e+00 -2.610698942234365716e-01
-1.064788606189978504e+00 -2.610698942341145301e-01
-1.064788606200645305e+00 -2.610698942447925441e-01
-1.064788606211312105e+00 -2.610698942554705027e-01
-1.064788606211312105e+00 -2.610698942661484612e-01
-1.064788606221978684e+00 -2.610698942768264752e-01
-1.064788606221978684e+00 -2.610698942875044337e-01
-1.064788606221978684e+00 -2.610698942981823922e-01
-1.064788606221978684e+00 -2.610698943088603508e-01
-1.064788606221978684e+00 -2.610698943195383648e-01
-1.064788606221978684e+00 -2.610698943302163233e-01
-1.064788606221978684e+00 -2.610698943408942818e-01
-1.064788606221978684e+00 -2.610698943515722958e-01
-1.064788606211312105e+00 -2.610698943622502544e-01
-1.064788606211312105e+00 -2.610698943729282129e-01
-1.064788606200645305e+00 -2.610698943729282129e-01
-1.064788606189978504e+00 -2.610698943729282129e-01
-1.064788606179311703e+00 -2.610698943729282129e-01
-1.064788606168644902e+00 -2.610698943729282129e-01
-1.064788606157978101e+00 -2.610698943729282129e-01
-1.064788606147311523e+00 -2.610698943622502544e-01
-1.064788606136644722e+00 -2.610698943622502544e-01
-1.064788606125977921e+00 -2.610698943515722958e-01
-1.064788606125977921e+00 -2.610698943408942818e-01
-1.064788606115311120e+00 -2.610698943302163233e-01
-1.064788606104644320e+00 -2.610698943302163233e-01
-1.064788606093977519e+00 -2.610698943302163233e-01
-1.064788606083310940e+00 -2.610698943302163233e-01
-1.064788606072644139e+00 -2.610698943302163233e-01
-1.064788606061977339e+00 -2.610698943302163233e-01
-1.064788606051310538e+00 -2.610698943408942818e-01
-1.064788606040643737e+00 -2.610698943408942818e-01
-1.064788606029976936e+00 -2.610698943408942818e-01
-1.064788606019310357e+00 -2.610698943408942818e-01
-1.064788606008643557e+00 -2.610698943408942818e-01
-1.064788605997976756e+00 -2.610698943408942818e-01
-1.064788605987309955e+00 -2.610698943515722958e-01
-1.064788605976643154e+00 -2.610698943622502544e-01
-1.064788605976643154e+00 -2.610698943729282129e-01
-1.064788605976643154e+00 -2.610698943836061714e-01
-1.064788605965976354e+00 -2.610698943942841854e-01
-1.064788605965976354e+00 -2.610698944049621439e-01
-1.064788605955309775e+00 -2.610698944156401025e-01
-1.064788605944642974e+00 -2.610698944156401025e-01
-1.064788605933976173e+00 -2.610698944156401025e-01
-1.064788605923309373e+00 -2.610698944156401025e-01
-1.064788605912642572e+00 -2.610698944156401025e-01
-1.064788605901975771e+00 -2.610698944156401025e-01
-1.064788605891309192e+00 -2.610698944049621439e-01
-1.064788605880642391e+00 -2.610698944049621439e-01
-1.064788605869975591e+00 -2.610698943942841854e-01
-1.064788605859308790e+00 -2.610698943942841854e-01
-1.064788605848641989e+00 -2.610698943942841854e-01
-1.064788605837975188e+00 -2.610698943942841854e-01
-1.064788605827308610e+00 -2.610698943942841854e-01
-1.064788605816641809e+00 -2.610698943942841854e-01
-1.064788605805975008e+00 -2.610698944049621439e-01
-1.064788605795308207e+00 -2.610698944156401025e-01
-1.064788605784641407e+00 -2.610698944156401025e-01
-1.064788605773974606e+00 -2.610698944263180610e-01
-1.064788605763308027e+00 -2.610698944369960750e-01
-1.064788605763308027e+00 -2.610698944476740335e-01
-1.064788605752641226e+00 -2.610698944476740335e-01
-1.064788605741974425e+00 -2.610698944583519920e-01
-1.064788605731307625e+00 -2.610698944690300061e-01
-1.064788605720640824e+00 -2.610698944797079646e-01
-1.064788605709974023e+00 -2.610698944903859231e-01
-1.064788605699307444e+00 -2.610698945010638816e-01
-1.064788605699307444e+00 -2.610698945117418956e-01
-1.064788605688640644e+00 -2.610698945224198542e-01
-1.064788605688640644e+00 -2.610698945330978127e-01
-1.064788605688640644e+00 -2.610698945437757712e-01
-1.064788605688640644e+00 -2.610698945544537852e-01
-1.064788605688640644e+00 -2.610698945651317437e-01
-1.064788605688640644e+00 -2.610698945758097023e-01
-1.064788605699307444e+00 -2.610698945864877163e-01
-1.064788605699307444e+00 -2.610698945971656748e-01
-1.064788605709974023e+00 -2.610698946078436333e-01
-1.064788605720640824e+00 -2.610698946185215918e-01
-1.064788605720640824e+00 -2.610698946291996059e-01
-1.064788605731307625e+00 -2.610698946398775644e-01
-1.064788605741974425e+00 -2.610698946505555229e-01
-1.064788605752641226e+00 -2.610698946612335369e-01
-1.064788605763308027e+00 -2.610698946719114955e-01
-1.064788605773974606e+00 -2.610698946719114955e-01
-1.064788605773974606e+00 -2.610698946825894540e-01
-1.064788605784641407e+00 -2.610698946932674125e-01
-1.064788605784641407e+00 -2.610698947039454265e-01
-1.064788605784641407e+00 -2.610698947146233850e-01
-1.064788605784641407e+00 -2.610698947253013436e-01
-1.064788605784641407e+00 -2.610698947359793021e-01
-1.064788605784641407e+00 -2.610698947466573161e-01
-1.064788605784641407e+00 -2.610698947573352746e-01
-1.064788605795308207e+00 -2.610698947680132331e-01
-1.064788605805975008e+00 -2.610698947680132331e-01
-1.064788605816641809e+00 -2.610698947680132331e-01
-1.064788605827308610e+00 -2.610698947786912472e-01
-1.064788605837975188e+00 -2.610698947786912472e-01
-1.064788605837975188e+00 -2.610698947893692057e-01
-1.064788605848641989e+00 -2.610698948000471642e-01
-1.064788605848641989e+00 -2.610698948107251227e-01
-1.064788605848641989e+00 -2.610698948214031367e-01
-1.064788605837975188e+00 -2.610698948320810953e-01
-1.064788605827308610e+00 -2.610698948427590538e-01
-1.064788605816641809e+00 -2.610698948427590538e-01
-1.064788605805975008e+00 -2.610698948534370678e-01
-1.064788605795308207e+00 -2.610698948641150263e-01
-1.064788605795308207e+00 -2.610698948747929848e-01
-1.064788605795308207e+00 -2.610698948854709434e-01
-1.064788605795308207e+00 -2.610698948961489574e-01
-1.064788605784641407e+00 -2.610698949068269159e-01
-1.064788605773974606e+00 -2.610698949175048744e-01
-1.064788605763308027e+00 -2.610698949281828329e-01
-1.064788605763308027e+00 -2.610698949388608470e-01
-1.064788605773974606e+00 -2.610698949495388055e-01
-1.064788605784641407e+00 -2.610698949602167640e-01
-1.064788605795308207e+00 -2.610698949708947780e-01
-1.064788605805975008e+00 -2.610698949815727365e-01
-1.064788605805975008e+00 -2.610698949922506951e-01
-1.064788605816641809e+00 -2.610698950029286536e-01
-1.064788605816641809e+00 -2.610698950136066676e-01
-1.064788605816641809e+00 -2.610698950242846261e-01
-1.064788605816641809e+00 -2.610698950349625846e-01
-1.064788605816641809e+00 -2.610698950456405432e-01
-1.064788605816641809e+00 -2.610698950563185572e-01
-1.064788605816641809e+00 -2.610698950669965157e-01
-1.064788605805975008e+00 -2.610698950776744742e-01
-1.064788605795308207e+00 -2.610698950776744742e-01
-1.064788605784641407e+00 -2.610698950776744742e-01
-1.064788605773974606e+00 -2.610698950776744742e-01
-1.064788605763308027e+00 -2.610698950776744742e-01
-1.064788605752641226e+00 -2.610698950669965157e-01
-1.064788605741974425e+00 -2.610698950563185572e-01
-1.064788605731307625e+00 -2.610698950456405432e-01
-1.064788605731307625e+00 -2.610698950349625846e-01
-1.064788605720640824e+00 -2.610698950242846261e-01
-1.064788605709974023e+00 -2.610698950242846261e-01
-1.064788605699307444e+00 -2.610698950242846261e-01
-1.064788605688640644e+00 -2.610698950136066676e-01
-1.064788605677973843e+00 -2.610698950136066676e-01
-1.064788605667307042e+00 -2.610698950136066676e-01
-1.064788605656640241e+00 -2.610698950136066676e-01
-1.064788605645973441e+00 -2.610698950136066676e-01
-1.064788605635306640e+00 -2.610698950136066676e-01
-1.064788605624640061e+00 -2.610698950136066676e-01
-1.064788605613973260e+00 -2.610698950136066676e-01
-1.064788605603306459e+00 -2.610698950136066676e-01
-1.064788605592639659e+00 -2.610698950029286536e-01
-1.064788605592639659e+00 -2.610698949922506951e-01
-1.064788605592639659e+00 -2.610698949815727365e-01
-1.064788605592639659e+00 -2.610698949708947780e-01
-1.064788605592639659e+00 -2.610698949602167640e-01
-1.064788605592639659e+00 -2.610698949495388055e-01
-1.064788605581972858e+00 -2.610698949388608470e-01
-1.064788605581972858e+00 -2.610698949281828329e-01
-1.064788605571306057e+00 -2.610698949175048744e-01
-1.064788605571306057e+00 -2.610698949068269159e-01
-1.064788605571306057e+00 -2.610698948961489574e-01
-1.064788605571306057e+00 -2.610698948854709434e-01
-1.064788605581972858e+00 -2.610698948747929848e-01
-1.064788605581972858e+00 -2.610698948641150263e-01
-1.064788605581972858e+00 -2.610698948534370678e-01
-1.064788605581972858e+00 -2.610698948427590538e-01
-1.064788605581972858e+00 -2.610698948320810953e-01
-1.064788605571306057e+00 -2.610698948214031367e-01
-1.064788605571306057e+00 -2.610698948107251227e-01
-1.064788605560639478e+00 -2.610698948000471642e-01
-1.064788605560639478e+00 -2.610698947893692057e-01
-1.064788605549972678e+00 -2.610698947786912472e-01
-1.064788605539305877e+00 -2.610698947786912472e-01
-1.064788605528639076e+00 -2.610698947680132331e-01
-1.064788605517972275e+00 -2.610698947680132331e-01
-1.064788605507305475e+00 -2.610698947680132331e-01
-1.064788605496638896e+00 -2.610698947680132331e-01
-1.064788605485972095e+00 -2.610698947573352746e-01
-1.064788605475305294e+00 -2.610698947573352746e-01
-1.064788605464638493e+00 -2.610698947573352746e-01
-1.064788605453971693e+00 -2.610698947573352746e-01
-1.064788605443304892e+00 -2.610698947466573161e-01
-1.064788605432638313e+00 -2.610698947359793021e-01
-1.064788605421971512e+00 -2.610698947359793021e-01
-1.064788605411304712e+00 -2.610698947359793021e-01
-1.064788605400637911e+00 -2.610698947359793021e-01
-1.064788605389971110e+00 -2.610698947466573161e-01
-1.064788605379304309e+00 -2.610698947466573161e-01
-1.064788605368637731e+00 -2.610698947573352746e-01
-1.064788605357970930e+00 -2.610698947573352746e-01
-1.064788605347304129e+00 -2.610698947680132331e-01
-1.064788605336637328e+00 -2.610698947680132331e-01
-1.064788605325970527e+00 -2.610698947680132331e-01
-1.064788605315303727e+00 -2.610698947680132331e-01
-1.064788605304637148e+00 -2.610698947573352746e-01
-1.064788605293970347e+00 -2.610698947466573161e-01
-1.064788605293970347e+00 -2.610698947359793021e-01
-1.064788605293970347e+00 -2.610698947253013436e-01
-1.064788605293970347e+00 -2.610698947146233850e-01
-1.064788605283303546e+00 -2.610698947039454265e-01
-1.064788605283303546e+00 -2.610698946932674125e-01
-1.064788605272636746e+00 -2.610698946825894540e-01
-1.064788605261969945e+00 -2.610698946719114955e-01
-1.064788605251303144e+00 -2.610698946612335369e-01
-1.064788605240636565e+00 -2.610698946505555229e-01
-1.064788605229969765e+00 -2.610698946505555229e-01
-1.064788605219302964e+00 -2.610698946398775644e-01
-1.064788605208636163e+00 -2.610698946398775644e-01
-1.064788605197969362e+00 -2.610698946291996059e-01
-1.064788605187302561e+00 -2.610698946185215918e-01
-1.064788605176635983e+00 -2.610698946078436333e-01
-1.064788605165969182e+00 -2.610698946078436333e-01
-1.064788605155302381e+00 -2.610698945971656748e-01
-1.064788605144635580e+00 -2.610698945864877163e-01
-1.064788605133968780e+00 -2.610698945864877163e-01
-1.064788605123301979e+00 -2.610698945864877163e-01
-1.064788605112635400e+00 -2.610698945864877163e-01
-1.064788605101968599e+00 -2.610698945864877163e-01
-1.064788605091301799e+00 -2.610698945864877163e-01
-1.064788605080634998e+00 -2.610698945864877163e-01
-1.064788605069968197e+00 -2.610698945971656748e-01
-1.064788605059301396e+00 -2.610698945971656748e-01
-1.064788605048634818e+00 -2.610698946078436333e-01
-1.064788605037968017e+00 -2.610698946185215918e-01
-1.064788605027301216e+00 -2.610698946185215918e-01
-1.064788605016634415e+00 -2.610698946291996059e-01
-1.064788605016634415e+00 -2.610698946398775644e-01
-1.064788605005967614e+00 -2.610698946505555229e-01
-1.064788604995300814e+00 -2.610698946612335369e-01
-1.064788604984634235e+00 -2.610698946719114955e-01
-1.064788604973967434e+00 -2.610698946825894540e-01
-1.064788604973967434e+00 -2.610698946932674125e-01
-1.064788604973967434e+00 -2.610698947039454265e-01
-1.064788604963300633e+00 -2.610698947146233850e-01
-1.064788604963300633e+00 -2.610698947253013436e-01
-1.064788604952633833e+00 -2.610698947253013436e-01
-1.064788604941967032e+00 -2.610698947253013436e-01
-1.064788604931300231e+00 -2.610698947359793021e-01
-1.064788604920633652e+00 -2.610698947359793021e-01
-1.064788604909966852e+00 -2.610698947359793021e-01
-1.064788604899300051e+00 -2.610698947359793021e-01
-1.064788604888633250e+00 -2.610698947359793021e-01
-1.064788604877966449e+00 -2.610698947466573161e-01
-1.064788604867299648e+00 -2.610698947573352746e-01
-1.064788604856633070e+00 -2.610698947680132331e-01
-1.064788604856633070e+00 -2.610698947786912472e-01
-1.064788604845966269e+00 -2.610698947893692057e-01
-1.064788604845966269e+00 -2.610698948000471642e-01
-1.064788604835299468e+00 -2.610698948107251227e-01
-1.064788604835299468e+00 -2.610698948214031367e-01
-1.064788604824632667e+00 -2.610698948214031367e-01
-1.064788604813965867e+00 -2.610698948320810953e-01
-1.064788604803299066e+00 -2.610698948320810953e-01
-1.064788604792632487e+00 -2.610698948320810953e-01
-1.064788604781965686e+00 -2.610698948320810953e-01
-1.064788604771298886e+00 -2.610698948214031367e-01
-1.064788604771298886e+00 -2.610698948107251227e-01
-1.064788604760632085e+00 -2.610698948000471642e-01
-1.064788604760632085e+00 -2.610698947893692057e-01
-1.064788604760632085e+00 -2.610698947786912472e-01
-1.064788604760632085e+00 -2.610698947680132331e-01
-1.064788604749965284e+00 -2.610698947573352746e-01
-1.064788604749965284e+00 -2.610698947466573161e-01
-1.064788604739298483e+00 -2.610698947359793021e-01
-1.064788604728631904e+00 -2.610698947253013436e-01
-1.064788604717965104e+00 -2.610698947146233850e-01
-1.064788604707298303e+00 -2.610698947039454265e-01
-1.064788604707298303e+00 -2.610698946932674125e-01
-1.064788604707298303e+00 -2.610698946825894540e-01
-1.064788604707298303e+00 -2.610698946719114955e-01
-1.064788604707298303e+00 -2.610698946612335369e-01
-1.064788604717965104e+00 -2.610698946505555229e-01
-1.064788604717965104e+00 -2.610698946398775644e-01
-1.064788604717965104e+00 -2.610698946291996059e-01
-1.064788604728631904e+00 -2.610698946185215918e-01
-1.064788604728631904e+00 -2.610698946078436333e-01
-1.064788604728631904e+00 -2.610698945971656748e-01
-1.064788604728631904e+00 -2.610698945864877163e-01
-1.064788604739298483e+00 -2.610698945758097023e-01
-1.064788604739298483e+00 -2.610698945651317437e-01
-1.064788604739298483e+00 -2.610698945544537852e-01
-1.064788604739298483e+00 -2.610698945437757712e-01
-1.064788604739298483e+00 -2.610698945330978127e-01
-1.064788604739298483e+00 -2.610698945224198542e-01
-1.064788604728631904e+00 -2.610698945117418956e-01
-1.064788604728631904e+00 -2.610698945010638816e-01
-1.064788604717965104e+00 -2.610698944903859231e-01
-1.064788604717965104e+00 -2.610698944797079646e-01
-1.064788604707298303e+00 -2.610698944690300061e-01
-1.064788604707298303e+00 -2.610698944583519920e-01
-1.064788604696631502e+00 -2.610698944476740335e-01
-1.064788604685964701e+00 -2.610698944369960750e-01
-1.064788604685964701e+00 -2.610698944263180610e-01
-1.064788604675297901e+00 -2.610698944156401025e-01
-1.064788604664631322e+00 -2.610698944049621439e-01
-1.064788604653964521e+00 -2.610698943942841854e-01
-1.064788604643297720e+00 -2.610698943836061714e-01
-1.064788604632630920e+00 -2.610698943729282129e-01
-1.064788604632630920e+00 -2.610698943622502544e-01
-1.064788604621964119e+00 -2.610698943515722958e-01
-1.064788604621964119e+00 -2.610698943408942818e-01
-1.064788604611297318e+00 -2.610698943302163233e-01
-1.064788604611297318e+00 -2.610698943195383648e-01
-1.064788604600630739e+00 -2.610698943088603508e-01
-1.064788604600630739e+00 -2.610698942981823922e-01
-1.064788604589963938e+00 -2.610698942875044337e-01
-1.064788604579297138e+00 -2.610698942768264752e-01
-1.064788604568630337e+00 -2.610698942661484612e-01
-1.064788604557963536e+00 -2.610698942554705027e-01
-1.064788604547296735e+00 -2.610698942447925441e-01
-1.064788604536629935e+00 -2.610698942341145301e-01
-1.064788604525963356e+00 -2.610698942234365716e-01
-1.064788604515296555e+00 -2.610698942127586131e-01
-1.064788604504629754e+00 -2.610698942127586131e-01
-1.064788604493962954e+00 -2.610698942020806546e-01
-1.064788604483296153e+00 -2.610698942020806546e-01
-1.064788604472629352e+00 -2.610698942020806546e-01
-1.064788604461962773e+00 -2.610698941914026405e-01
-1.064788604451295972e+00 -2.610698941914026405e-01
-1.064788604440629172e+00 -2.610698941914026405e-01
-1.064788604429962371e+00 -2.610698941914026405e-01
-1.064788604419295570e+00 -2.610698941914026405e-01
-1.064788604408628769e+00 -2.610698941914026405e-01
-1.064788604397962191e+00 -2.610698941914026405e-01
-1.064788604387295390e+00 -2.610698941914026405e-01
-1.064788604376628589e+00 -2.610698941914026405e-01
-1.064788604365961788e+00 -2.610698941914026405e-01
-1.064788604355294988e+00 -2.610698941914026405e-01
-1.064788604344628187e+00 -2.610698941914026405e-01
-1.064788604333961608e+00 -2.610698941914026405e-01
-1.064788604323294807e+00 -2.610698941914026405e-01
-1.064788604312628006e+00 -2.610698941914026405e-01
-1.064788604301961206e+00 -2.610698941914026405e-01
-1.064788604291294405e+00 -2.610698942020806546e-01
-1.064788604280627604e+00 -2.610698942020806546e-01
-1.064788604269961025e+00 -2.610698942020806546e-01
-1.064788604259294225e+00 -2.610698942020806546e-01
-1.064788604248627424e+00 -2.610698942020806546e-01
-1.064788604237960623e+00 -2.610698942127586131e-01
-1.064788604227293822e+00 -2.610698942127586131e-01
-1.064788604216627022e+00 -2.610698942127586131e-01
-1.064788604205960443e+00 -2.610698942234365716e-01
-1.064788604195293642e+00 -2.610698942234365716e-01
-1.064788604184626841e+00 -2.610698942341145301e-01
-1.064788604173960040e+00 -2.610698942341145301e-01
-1.064788604163293240e+00 -2.610698942341145301e-01
-1.064788604152626439e+00 -2.610698942341145301e-01
-1.064788604141959860e+00 -2.610698942234365716e-01
-1.064788604131293059e+00 -2.610698942127586131e-01
-1.064788604120626259e+00 -2.610698942020806546e-01
-1.064788604120626259e+00 -2.610698941914026405e-01
-1.064788604109959458e+00 -2.610698941807246820e-01
-1.064788604109959458e+00 -2.610698941700467235e-01
-1.064788604099292657e+00 -2.610698941593687650e-01
-1.064788604099292657e+00 -2.610698941486907509e-01
-1.064788604088625856e+00 -2.610698941380127924e-01
-1.064788604077959278e+00 -2.610698941273348339e-01
-1.064788604077959278e+00 -2.610698941166568199e-01
-1.064788604067292477e+00 -2.610698941059788614e-01
-1.064788604067292477e+00 -2.610698940953009028e-01
-1.064788604056625676e+00 -2.610698940846229443e-01
-1.064788604056625676e+00 -2.610698940739449303e-01
-1.064788604045958875e+00 -2.610698940632669718e-01
-1.064788604045958875e+00 -2.610698940525890133e-01
-1.064788604035292074e+00 -2.610698940419110547e-01
-1.064788604035292074e+00 -2.610698940312330407e-01
-1.064788604024625274e+00 -2.610698940205550822e-01
-1.064788604024625274e+00 -2.610698940098771237e-01
-1.064788604013958695e+00 -2.610698939991991097e-01
-1.064788604013958695e+00 -2.610698939885211511e-01
-1.064788604003291894e+00 -2.610698939778431926e-01
-1.064788604003291894e+00 -2.610698939671652341e-01
-1.064788603992625093e+00 -2.610698939564872201e-01
-1.064788603981958293e+00 -2.610698939458092616e-01
-1.064788603971291492e+00 -2.610698939351313030e-01
-1.064788603971291492e+00 -2.610698939244532890e-01
-1.064788603960624691e+00 -2.610698939137753305e-01
-1.064788603949958112e+00 -2.610698939030973720e-01
-1.064788603939291312e+00 -2.610698938924194135e-01
-1.064788603928624511e+00 -2.610698938817413994e-01
-1.064788603917957710e+00 -2.610698938817413994e-01
-1.064788603907290909e+00 -2.610698938710634409e-01
-1.064788603896624108e+00 -2.610698938603854824e-01
-1.064788603885957530e+00 -2.610698938497075239e-01
-1.064788603875290729e+00 -2.610698938497075239e-01
-1.064788603864623928e+00 -2.610698938390295099e-01
-1.064788603853957127e+00 -2.610698938283515513e-01
-1.064788603843290327e+00 -2.610698938283515513e-01
-1.064788603832623526e+00 -2.610698938176735928e-01
-1.064788603821956947e+00 -2.610698938176735928e-01
-1.064788603811290146e+00 -2.610698938069955788e-01
-1.064788603800623346e+00 -2.610698938069955788e-01
-1.064788603789956545e+00 -2.610698938069955788e-01
-1.064788603779289744e+00 -2.610698937963176203e-01
-1.064788603768622943e+00 -2.610698937963176203e-01
-1.064788603757956365e+00 -2.610698937963176203e-01
-1.064788603747289564e+00 -2.610698937963176203e-01
-1.064788603736622763e+00 -2.610698937856396618e-01
-1.064788603725955962e+00 -2.610698937856396618e-01
-1.064788603715289161e+00 -2.610698937856396618e-01
-1.064788603704622361e+00 -2.610698937856396618e-01
-1.064788603693955782e+00 -2.610698937856396618e-01
-1.064788603683288981e+00 -2.610698937749617032e-01
-1.064788603672622180e+00 -2.610698937749617032e-01
-1.064788603661955380e+00 -2.610698937749617032e-01
-1.064788603651288579e+00 -2.610698937749617032e-01
-1.064788603640621778e+00 -2.610698937749617032e-01
-1.064788603629955199e+00 -2.610698937749617032e-01
-1.064788603619288399e+00 -2.610698937749617032e-01
-1.064788603608621598e+00 -2.610698937749617032e-01
-1.064788603597954797e+00 -2.610698937642836892e-01
-1.064788603587287996e+00 -2.610698937642836892e-01
-1.064788603576621195e+00 -2.610698937642836892e-01
-1.064788603565954617e+00 -2.610698937642836892e-01
-1.064788603555287816e+00 -2.610698937642836892e-01
-1.064788603544621015e+00 -2.610698937642836892e-01
-1.064788603533954214e+00 -2.610698937642836892e-01
-1.064788603523287414e+00 -2.610698937536057307e-01
-1.064788603512620613e+00 -2.610698937536057307e-01
-1.064788603501953812e+00 -2.610698937536057307e-01
-1.064788603491287233e+00 -2.610698937536057307e-01
-1.064788603480620433e+00 -2.610698937429277722e-01
-1.064788603469953632e+00 -2.610698937429277722e-01
-1.064788603459286831e+00 -2.610698937429277722e-01
-1.064788603448620030e+00 -2.610698937429277722e-01
-1.064788603437953229e+00 -2.610698937429277722e-01
-1.064788603427286651e+00 -2.610698937322497581e-01
-1.064788603416619850e+00 -2.610698937322497581e-01
-1.064788603405953049e+00 -2.610698937322497581e-01
-1.064788603395286248e+00 -2.610698937322497581e-01
-1.064788603384619448e+00 -2.610698937322497581e-01
-1.064788603373952647e+00 -2.610698937215717996e-01
-1.064788603363286068e+00 -2.610698937215717996e-01
-1.064788603352619267e+00 -2.610698937215717996e-01
-1.064788603341952467e+00 -2.610698937215717996e-01
-1.064788603331285666e+00 -2.610698937215717996e-01
-1.064788603320618865e+00 -2.610698937215717996e-01
-1.064788603309952064e+00 -2.610698937215717996e-01
-1.064788603299285485e+00 -2.610698937215717996e-01
-1.064788603288618685e+00 -2.610698937215717996e-01
-1.064788603277951884e+00 -2.610698937215717996e-01
-1.064788603267285083e+00 -2.610698937215717996e-01
-1.064788603256618282e+00 -2.610698937215717996e-01
-1.064788603245951482e+00 -2.610698937215717996e-01
-1.064788603235284903e+00 -2.610698937215717996e-01
-1.064788603224618102e+00 -2.610698937215717996e-01
-1.064788603213951301e+00 -2.610698937215717996e-01
-1.064788603203284501e+00 -2.610698937215717996e-01
-1.064788603192617700e+00 -2.610698937215717996e-01
-1.064788603181950899e+00 -2.610698937215717996e-01
-1.064788603171284320e+00 -2.610698937322497581e-01
-1.064788603160617519e+00 -2.610698937322497581e-01
-1.064788603149950719e+00 -2.610698937322497581e-01
-1.064788603139283918e+00 -2.610698937322497581e-01
-1.064788603128617117e+00 -2.610698937429277722e-01
-1.064788603117950316e+00 -2.610698937429277722e-01
-1.064788603107283738e+00 -2.610698937429277722e-01
-1.064788603096616937e+00 -2.610698937536057307e-01
-1.064788603085950136e+00 -2.610698937536057307e-01
-1.064788603075283335e+00 -2.610698937536057307e-01
-1.064788603064616535e+00 -2.610698937642836892e-01
-1.064788603053949734e+00 -2.610698937642836892e-01
-1.064788603043283155e+00 -2.610698937749617032e-01
-1.064788603032616354e+00 -2.610698937749617032e-01
-1.064788603021949553e+00 -2.610698937856396618e-01
-1.064788603011282753e+00 -2.610698937856396618e-01
-1.064788603000615952e+00 -2.610698937963176203e-01
-1.064788602989949151e+00 -2.610698938069955788e-01
-1.064788602979282572e+00 -2.610698938069955788e-01
-1.064788602968615772e+00 -2.610698938176735928e-01
-1.064788602957948971e+00 -2.610698938283515513e-01
-1.064788602947282170e+00 -2.610698938390295099e-01
-1.064788602936615369e+00 -2.610698938497075239e-01
-1.064788602925948569e+00 -2.610698938603854824e-01
-1.064788602915281990e+00 -2.610698938710634409e-01
-1.064788602904615189e+00 -2.610698938817413994e-01
-1.064788602893948388e+00 -2.610698938924194135e-01
-1.064788602883281587e+00 -2.610698939030973720e-01
-1.064788602872614787e+00 -2.610698939137753305e-01
-1.064788602861947986e+00 -2.610698939244532890e-01
-1.064788602861947986e+00 -2.610698939351313030e-01
-1.064788602851281407e+00 -2.610698939458092616e-01
-1.064788602840614606e+00 -2.610698939564872201e-01
-1.064788602840614606e+00 -2.610698939671652341e-01
-1.064788602829947806e+00 -2.610698939778431926e-01
-1.064788602819281005e+00 -2.610698939885211511e-01
-1.064788602819281005e+00 -2.610698939991991097e-01
-1.064788602808614204e+00 -2.610698940098771237e-01
-1.064788602808614204e+00 -2.610698940205550822e-01
-1.064788602797947403e+00 -2.610698940312330407e-01
-1.064788602797947403e+00 -2.610698940419110547e-01
-1.064788602787280825e+00 -2.610698940525890133e-01
-1.064788602787280825e+00 -2.610698940632669718e-01
-1.064788602776614024e+00 -2.610698940739449303e-01
-1.064788602776614024e+00 -2.610698940846229443e-01
-1.064788602765947223e+00 -2.610698940953009028e-01
-1.064788602765947223e+00 -2.610698941059788614e-01
-1.064788602755280422e+00 -2.610698941166568199e-01
-1.064788602755280422e+00 -2.610698941273348339e-01
-1.064788602744613621e+00 -2.610698941380127924e-01
-1.064788602744613621e+00 -2.610698941486907509e-01
-1.064788602744613621e+00 -2.610698941593687650e-01
-1.064788602733946821e+00 -2.610698941700467235e-01
-1.064788602733946821e+00 -2.610698941807246820e-01
-1.064788602723280242e+00 -2.610698941914026405e-01
-1.064788602723280242e+00 -2.610698942020806546e-01
-1.064788602723280242e+00 -2.610698942127586131e-01
-1.064788602712613441e+00 -2.610698942234365716e-01
-1.064788602712613441e+00 -2.610698942341145301e-01
-1.064788602712613441e+00 -2.610698942447925441e-01
-1.064788602701946640e+00 -2.610698942554705027e-01
-1.064788602701946640e+00 -2.610698942661484612e-01
-1.064788602701946640e+00 -2.610698942768264752e-01
-1.064788602701946640e+00 -2.610698942875044337e-01
-1.064788602701946640e+00 -2.610698942981823922e-01
-1.064788602691279840e+00 -2.610698943088603508e-01
-1.064788602691279840e+00 -2.610698943195383648e-01
-1.064788602691279840e+00 -2.610698943302163233e-01
-1.064788602691279840e+00 -2.610698943408942818e-01
-1.064788602691279840e+00 -2.610698943515722958e-01
-1.064788602691279840e+00 -2.610698943622502544e-01
-1.064788602691279840e+00 -2.610698943729282129e-01
-1.064788602691279840e+00 -2.610698943836061714e-01
-1.064788602691279840e+00 -2.610698943942841854e-01
-1.064788602691279840e+00 -2.610698944049621439e-01
-1.064788602691279840e+00 -2.610698944156401025e-01
-1.064788602691279840e+00 -2.610698944263180610e-01
-1.064788602691279840e+00 -2.610698944369960750e-01
-1.064788602691279840e+00 -2.610698944476740335e-01
-1.064788602691279840e+00 -2.610698944583519920e-01
-1.064788602691279840e+00 -2.610698944690300061e-01
-1.064788602691279840e+00 -2.610698944797079646e-01
-1.064788602691279840e+00 -2.610698944903859231e-01
-1.064788602691279840e+00 -2.610698945010638816e-01
-1.064788602691279840e+00 -2.610698945117418956e-01
-1.064788602691279840e+00 -2.610698945224198542e-01
-1.064788602691279840e+00 -2.610698945330978127e-01
-1.064788602691279840e+00 -2.610698945437757712e-01
-1.064788602691279840e+00 -2.610698945544537852e-01
-1.064788602680613039e+00 -2.610698945651317437e-01
-1.064788602680613039e+00 -2.610698945758097023e-01
-1.064788602680613039e+00 -2.610698945864877163e-01
-1.064788602669946238e+00 -2.610698945971656748e-01
-1.064788602659279659e+00 -2.610698946078436333e-01
-1.064788602648612859e+00 -2.610698946185215918e-01
-1.064788602637946058e+00 -2.610698946185215918e-01
-1.064788602627279257e+00 -2.610698946291996059e-01
-1.064788602616612456e+00 -2.610698946398775644e-01
-1.064788602605945655e+00 -2.610698946505555229e-01
-1.064788602595279077e+00 -2.610698946612335369e-01
-1.064788602584612276e+00 -2.610698946719114955e-01
-1.064788602573945475e+00 -2.610698946719114955e-01
-1.064788602563278674e+00 -2.610698946825894540e-01
-1.064788602552611874e+00 -2.610698946932674125e-01
-1.064788602541945073e+00 -2.610698947039454265e-01
-1.064788602531278494e+00 -2.610698947146233850e-01
-1.064788602520611693e+00 -2.610698947253013436e-01
-1.064788602520611693e+00 -2.610698947359793021e-01
-1.064788602509944893e+00 -2.610698947466573161e-01
-1.064788602499278092e+00 -2.610698947573352746e-01
-1.064788602499278092e+00 -2.610698947680132331e-01
-1.064788602488611291e+00 -2.610698947786912472e-01
-1.064788602488611291e+00 -2.610698947893692057e-01
-1.064788602477944490e+00 -2.610698948000471642e-01
-1.064788602477944490e+00 -2.610698948107251227e-01
-1.064788602467277912e+00 -2.610698948214031367e-01
-1.064788602467277912e+00 -2.610698948320810953e-01
-1.064788602456611111e+00 -2.610698948427590538e-01
-1.064788602456611111e+00 -2.610698948534370678e-01
-1.064788602445944310e+00 -2.610698948641150263e-01
-1.064788602445944310e+00 -2.610698948747929848e-01
-1.064788602445944310e+00 -2.610698948854709434e-01
-1.064788602445944310e+00 -2.610698948961489574e-01
-1.064788602435277509e+00 -2.610698949068269159e-01
-1.064788602435277509e+00 -2.610698949175048744e-01
-1.064788602435277509e+00 -2.610698949281828329e-01
-1.064788602435277509e+00 -2.610698949388608470e-01
-1.064788602435277509e+00 -2.610698949495388055e-01
-1.064788602424610708e+00 -2.610698949602167640e-01
-1.064788602424610708e+00 -2.610698949708947780e-01
-1.064788602424610708e+00 -2.610698949815727365e-01
-1.064788602424610708e+00 -2.610698949922506951e-01
-1.064788602424610708e+00 -2.610698950029286536e-01
-1.064788602435277509e+00 -2.610698950136066676e-01
-1.064788602435277509e+00 -2.610698950242846261e-01
-1.064788602435277509e+00 -2.610698950349625846e-01
-1.064788602435277509e+00 -2.610698950456405432e-01
-1.064788602445944310e+00 -2.610698950563185572e-01
-1.064788602445944310e+00 -2.610698950669965157e-01
-1.064788602445944310e+00 -2.610698950776744742e-01
-1.064788602456611111e+00 -2.610698950883524883e-01
-1.064788602456611111e+00 -2.610698950990304468e-01
-1.064788602467277912e+00 -2.610698951097084053e-01
-1.064788602467277912e+00 -2.610698951203863638e-01
-1.064788602477944490e+00 -2.610698951310643778e-01
-1.064788602488611291e+00 -2.610698951417423364e-01
-1.064788602488611291e+00 -2.610698951524202949e-01
-1.064788602499278092e+00 -2.610698951630983089e-01
-1.064788602509944893e+00 -2.610698951737762674e-01
-1.064788602509944893e+00 -2.610698951844542259e-01
-1.064788602520611693e+00 -2.610698951951321845e-01
-1.064788602531278494e+00 -2.610698952058101985e-01
-1.064788602541945073e+00 -2.610698952164881570e-01
-1.064788602541945073e+00 -2.610698952271661155e-01
-1.064788602552611874e+00 -2.610698952378440740e-01
-1.064788602552611874e+00 -2.610698952485220881e-01
-1.064788602552611874e+00 -2.610698952592000466e-01
-1.064788602552611874e+00 -2.610698952698780051e-01
-1.064788602552611874e+00 -2.610698952805560191e-01
-1.064788602563278674e+00 -2.610698952912339776e-01
-1.064788602563278674e+00 -2.610698953019119362e-01
-1.064788602563278674e+00 -2.610698953125898947e-01
-1.064788602563278674e+00 -2.610698953232679087e-01
-1.064788602573945475e+00 -2.610698953339458672e-01
-1.064788602573945475e+00 -2.610698953446238257e-01
-1.064788602584612276e+00 -2.610698953553018398e-01
-1.064788602584612276e+00 -2.610698953659797983e-01
-1.064788602595279077e+00 -2.610698953766577568e-01
-1.064788602605945655e+00 -2.610698953766577568e-01
-1.064788602616612456e+00 -2.610698953873357153e-01
-1.064788602616612456e+00 -2.610698953980137293e-01
-1.064788602616612456e+00 -2.610698954086916879e-01
-1.064788602627279257e+00 -2.610698954193696464e-01
-1.064788602627279257e+00 -2.610698954300476049e-01
-1.064788602637946058e+00 -2.610698954407256189e-01
-1.064788602637946058e+00 -2.610698954514035774e-01
-1.064788602627279257e+00 -2.610698954620815360e-01
-1.064788602627279257e+00 -2.610698954727595500e-01
-1.064788602616612456e+00 -2.610698954834375085e-01
-1.064788602605945655e+00 -2.610698954834375085e-01
-1.064788602595279077e+00 -2.610698954941154670e-01
-1.064788602584612276e+00 -2.610698954941154670e-01
-1.064788602573945475e+00 -2.610698954941154670e-01
-1.064788602563278674e+00 -2.610698954941154670e-01
-1.064788602552611874e+00 -2.610698954941154670e-01
-1.064788602541945073e+00 -2.610698954941154670e-01
-1.064788602531278494e+00 -2.610698955047934255e-01
-1.064788602520611693e+00 -2.610698955047934255e-01
-1.064788602509944893e+00 -2.610698955154714396e-01
-1.064788602499278092e+00 -2.610698955154714396e-01
-1.064788602488611291e+00 -2.610698955261493981e-01
-1.064788602477944490e+00 -2.610698955261493981e-01
-1.064788602467277912e+00 -2.610698955261493981e-01
-1.064788602456611111e+00 -2.610698955368273566e-01
-1.064788602445944310e+00 -2.610698955368273566e-01
-1.064788602435277509e+00 -2.610698955368273566e-01
-1.064788602424610708e+00 -2.610698955368273566e-01
-1.064788602413943908e+00 -2.610698955261493981e-01
-1.064788602403277107e+00 -2.610698955261493981e-01
-1.064788602392610528e+00 -2.610698955261493981e-01
-1.064788602381943727e+00 -2.610698955261493981e-01
-1.064788602371276927e+00 -2.610698955261493981e-01
-1.064788602360610126e+00 -2.610698955261493981e-01
-1.064788602349943325e+00 -2.610698955261493981e-01
-1.064788602339276524e+00 -2.610698955261493981e-01
-1.064788602328609946e+00 -2.610698955261493981e-01
-1.064788602317943145e+00 -2.610698955368273566e-01
-1.064788602307276344e+00 -2.610698955368273566e-01
-1.064788602296609543e+00 -2.610698955368273566e-01
-1.064788602285942742e+00 -2.610698955368273566e-01
-1.064788602275275942e+00 -2.610698955475053151e-01
-1.064788602264609363e+00 -2.610698955475053151e-01
-1.064788602253942562e+00 -2.610698955581833292e-01
-1.064788602243275761e+00 -2.610698955581833292e-01
-1.064788602232608961e+00 -2.610698955688612877e-01
-1.064788602221942160e+00 -2.610698955795392462e-01
-1.064788602211275359e+00 -2.610698955795392462e-01
-1.064788602200608780e+00 -2.610698955902172602e-01
-1.064788602189941980e+00 -2.610698956008952187e-01
-1.064788602179275179e+00 -2.610698956115731773e-01
-1.064788602168608378e+00 -2.610698956115731773e-01
-1.064788602157941577e+00 -2.610698956222511358e-01
-1.064788602147274776e+00 -2.610698956329291498e-01
-1.064788602136608198e+00 -2.610698956436071083e-01
-1.064788602125941397e+00 -2.610698956542850668e-01
-1.064788602115274596e+00 -2.610698956649630809e-01
-1.064788602104607795e+00 -2.610698956756410394e-01
-1.064788602093940995e+00 -2.610698956863189979e-01
-1.064788602093940995e+00 -2.610698956969969564e-01
-1.064788602083274194e+00 -2.610698957076749704e-01
-1.064788602083274194e+00 -2.610698957183529290e-01
-1.064788602072607615e+00 -2.610698957290308875e-01
-1.064788602072607615e+00 -2.610698957397088460e-01
-1.064788602061940814e+00 -2.610698957503868600e-01
-1.064788602061940814e+00 -2.610698957610648185e-01
-1.064788602061940814e+00 -2.610698957717427771e-01
-1.064788602051274014e+00 -2.610698957824207911e-01
-1.064788602051274014e+00 -2.610698957930987496e-01
-1.064788602051274014e+00 -2.610698958037767081e-01
-1.064788602051274014e+00 -2.610698958144546666e-01
-1.064788602040607213e+00 -2.610698958251326807e-01
-1.064788602040607213e+00 -2.610698958358106392e-01
-1.064788602040607213e+00 -2.610698958464885977e-01
-1.064788602040607213e+00 -2.610698958571666117e-01
-1.064788602040607213e+00 -2.610698958678445702e-01
-1.064788602040607213e+00 -2.610698958785225288e-01
-1.064788602029940412e+00 -2.610698958892004873e-01
-1.064788602029940412e+00 -2.610698958998785013e-01
-1.064788602029940412e+00 -2.610698959105564598e-01
-1.064788602019273611e+00 -2.610698959212344183e-01
-1.064788602019273611e+00 -2.610698959319123769e-01
-1.064788602008607032e+00 -2.610698959425903909e-01
-1.064788601997940232e+00 -2.610698959532683494e-01
-1.064788601987273431e+00 -2.610698959639463079e-01
-1.064788601976606630e+00 -2.610698959746243220e-01
-1.064788601965939829e+00 -2.610698959853022805e-01
-1.064788601955273029e+00 -2.610698959959802390e-01
-1.064788601944606450e+00 -2.610698960066581975e-01
-1.064788601933939649e+00 -2.610698960066581975e-01
-1.064788601923272848e+00 -2.610698960173362115e-01
-1.064788601912606048e+00 -2.610698960280141701e-01
-1.064788601901939247e+00 -2.610698960386921286e-01
-1.064788601891272446e+00 -2.610698960493700871e-01
-1.064788601880605867e+00 -2.610698960600481011e-01
-1.064788601869939066e+00 -2.610698960707260596e-01
-1.064788601859272266e+00 -2.610698960814040182e-01
-1.064788601848605465e+00 -2.610698960920820322e-01
-1.064788601837938664e+00 -2.610698961027599907e-01
-1.064788601837938664e+00 -2.610698961134379492e-01
-1.064788601827271863e+00 -2.610698961241159077e-01
-1.064788601816605285e+00 -2.610698961347939218e-01
-1.064788601816605285e+00 -2.610698961454718803e-01
-1.064788601805938484e+00 -2.610698961561498388e-01
-1.064788601805938484e+00 -2.610698961668278528e-01
-1.064788601795271683e+00 -2.610698961775058113e-01
-1.064788601795271683e+00 -2.610698961881837699e-01
-1.064788601795271683e+00 -2.610698961988617284e-01
-1.064788601784604882e+00 -2.610698962095397424e-01
-1.064788601784604882e+00 -2.610698962202177009e-01
-1.064788601784604882e+00 -2.610698962308956594e-01
-1.064788601773938082e+00 -2.610698962415736180e-01
-1.064788601773938082e+00 -2.610698962522516320e-01
-1.064788601773938082e+00 -2.610698962629295905e-01
-1.064788601773938082e+00 -2.610698962736075490e-01
-1.064788601773938082e+00 -2.610698962842855630e-01
-1.064788601773938082e+00 -2.610698962949635216e-01
-1.064788601773938082e+00 -2.610698963056414801e-01
-1.064788601773938082e+00 -2.610698963163194386e-01
-1.064788601773938082e+00 -2.610698963269974526e-01
-1.064788601773938082e+00 -2.610698963376754111e-01
-1.064788601773938082e+00 -2.610698963483533697e-01
-1.064788601773938082e+00 -2.610698963590313837e-01
-1.064788601773938082e+00 -2.610698963697093422e-01
-1.064788601773938082e+00 -2.610698963803873007e-01
-1.064788601773938082e+00 -2.610698963910652592e-01
-1.064788601773938082e+00 -2.610698964017432733e-01
-1.064788601773938082e+00 -2.610698964124212318e-01
-1.064788601773938082e+00 -2.610698964230991903e-01
-1.064788601784604882e+00 -2.610698964337771488e-01
-1.064788601784604882e+00 -2.610698964444551629e-01
-1.064788601784604882e+00 -2.610698964551331214e-01
-1.064788601784604882e+00 -2.610698964658110799e-01
-1.064788601795271683e+00 -2.610698964764890939e-01
-1.064788601795271683e+00 -2.610698964871670524e-01
-1.064788601795271683e+00 -2.610698964978450110e-01
-1.064788601805938484e+00 -2.610698965085229695e-01
-1.064788601805938484e+00 -2.610698965192009835e-01
-1.064788601816605285e+00 -2.610698965298789420e-01
-1.064788601827271863e+00 -2.610698965405569005e-01
-1.064788601827271863e+00 -2.610698965512348591e-01
-1.064788601837938664e+00 -2.610698965619128731e-01
-1.064788601848605465e+00 -2.610698965725908316e-01
-1.064788601859272266e+00 -2.610698965832687901e-01
-1.064788601869939066e+00 -2.610698965939468041e-01
-1.064788601880605867e+00 -2.610698966046247627e-01
-1.064788601891272446e+00 -2.610698966153027212e-01
-1.064788601901939247e+00 -2.610698966259806797e-01
-1.064788601912606048e+00 -2.610698966366586937e-01
-1.064788601923272848e+00 -2.610698966366586937e-01
-1.064788601933939649e+00 -2.610698966473366522e-01
-1.064788601944606450e+00 -2.610698966580146108e-01
-1.064788601955273029e+00 -2.610698966580146108e-01
-1.064788601965939829e+00 -2.610698966686926248e-01
-1.064788601976606630e+00 -2.610698966686926248e-01
-1.064788601987273431e+00 -2.610698966793705833e-01
-1.064788601997940232e+00 -2.610698966793705833e-01
-1.064788602008607032e+00 -2.610698966900485418e-01
-1.064788602019273611e+00 -2.610698966900485418e-01
-1.064788602029940412e+00 -2.610698966900485418e-01
-1.064788602040607213e+00 -2.610698967007265003e-01
-1.064788602051274014e+00 -2.610698967007265003e-01
-1.064788602061940814e+00 -2.610698967007265003e-01
-1.064788602072607615e+00 -2.610698967114045144e-01
-1.064788602083274194e+00 -2.610698967114045144e-01
-1.064788602093940995e+00 -2.610698967220824729e-01
-1.064788602104607795e+00 -2.610698967220824729e-01
-1.064788602115274596e+00 -2.610698967327604314e-01
-1.064788602125941397e+00 -2.610698967327604314e-01
-1.064788602136608198e+00 -2.610698967434383899e-01
-1.064788602147274776e+00 -2.610698967541164039e-01
-1.064788602157941577e+00 -2.610698967647943625e-01
-1.064788602168608378e+00 -2.610698967754723210e-01
-1.064788602179275179e+00 -2.610698967861503350e-01
-1.064788602189941980e+00 -2.610698967861503350e-01
-1.064788602200608780e+00 -2.610698967968282935e-01
-1.064788602211275359e+00 -2.610698968075062520e-01
-1.064788602221942160e+00 -2.610698968075062520e-01
-1.064788602232608961e+00 -2.610698968181842106e-01
-1.064788602243275761e+00 -2.610698968181842106e-01
-1.064788602253942562e+00 -2.610698968181842106e-01
-1.064788602264609363e+00 -2.610698968181842106e-01
-1.064788602275275942e+00 -2.610698968181842106e-01
-1.064788602285942742e+00 -2.610698968181842106e-01
-1.064788602296609543e+00 -2.610698968288622246e-01
-1.064788602307276344e+00 -2.610698968288622246e-01
-1.064788602317943145e+00 -2.610698968288622246e-01
-1.064788602328609946e+00 -2.610698968288622246e-01
-1.064788602339276524e+00 -2.610698968288622246e-01
-1.064788602349943325e+00 -2.610698968288622246e-01
-1.064788602360610126e+00 -2.610698968288622246e-01
-1.064788602371276927e+00 -2.610698968288622246e-01
-1.064788602381943727e+00 -2.610698968288622246e-01
-1.064788602392610528e+00 -2.610698968395401831e-01
-1.064788602403277107e+00 -2.610698968395401831e-01
-1.064788602403277107e+00 -2.610698968502181416e-01
-1.064788602403277107e+00 -2.610698968608961557e-01
-1.064788602403277107e+00 -2.610698968715741142e-01
-1.064788602403277107e+00 -2.610698968822520727e-01
-1.064788602403277107e+00 -2.610698968929300312e-01
-1.064788602403277107e+00 -2.610698969036080452e-01
-1.064788602392610528e+00 -2.610698969142860038e-01
-1.064788602392610528e+00 -2.610698969249639623e-01
-1.064788602392610528e+00 -2.610698969356419208e-01
-1.064788602381943727e+00 -2.610698969463199348e-01
-1.064788602381943727e+00 -2.610698969569978933e-01
-1.064788602381943727e+00 -2.610698969676758519e-01
-1.064788602392610528e+00 -2.610698969783538659e-01
-1.064788602392610528e+00 -2.610698969890318244e-01
-1.064788602392610528e+00 -2.610698969997097829e-01
-1.064788602403277107e+00 -2.610698970103877414e-01
-1.064788602403277107e+00 -2.610698970210657555e-01
-1.064788602413943908e+00 -2.610698970317437140e-01
-1.064788602413943908e+00 -2.610698970424216725e-01
-1.064788602424610708e+00 -2.610698970530996310e-01
-1.064788602424610708e+00 -2.610698970637776450e-01
-1.064788602424610708e+00 -2.610698970744556036e-01
-1.064788602424610708e+00 -2.610698970851335621e-01
-1.064788602424610708e+00 -2.610698970958115761e-01
-1.064788602435277509e+00 -2.610698971064895346e-01
-1.064788602435277509e+00 -2.610698971171674931e-01
-1.064788602445944310e+00 -2.610698971278454517e-01
-1.064788602456611111e+00 -2.610698971385234657e-01
-1.064788602467277912e+00 -2.610698971492014242e-01
-1.064788602477944490e+00 -2.610698971492014242e-01
-1.064788602488611291e+00 -2.610698971598793827e-01
-1.064788602499278092e+00 -2.610698971598793827e-01
-1.064788602509944893e+00 -2.610698971598793827e-01
-1.064788602520611693e+00 -2.610698971598793827e-01
-1.064788602531278494e+00 -2.610698971705573967e-01
-1.064788602541945073e+00 -2.610698971705573967e-01
-1.064788602552611874e+00 -2.610698971705573967e-01
-1.064788602563278674e+00 -2.610698971705573967e-01
-1.064788602573945475e+00 -2.610698971705573967e-01
-1.064788602584612276e+00 -2.610698971812353553e-01
-1.064788602595279077e+00 -2.610698971812353553e-01
-1.064788602605945655e+00 -2.610698971919133138e-01
-1.064788602605945655e+00 -2.610698972025912723e-01
-1.064788602605945655e+00 -2.610698972132692863e-01
-1.064788602616612456e+00 -2.610698972239472448e-01
-1.064788602627279257e+00 -2.610698972346252034e-01
-1.064788602637946058e+00 -2.610698972453031619e-01
-1.064788602648612859e+00 -2.610698972453031619e-01
-1.064788602659279659e+00 -2.610698972559811759e-01
-1.064788602669946238e+00 -2.610698972559811759e-01
-1.064788602680613039e+00 -2.610698972666591344e-01
-1.064788602680613039e+00 -2.610698972773370929e-01
-1.064788602680613039e+00 -2.610698972880151070e-01
-1.064788602680613039e+00 -2.610698972986930655e-01
-1.064788602680613039e+00 -2.610698973093710240e-01
-1.064788602669946238e+00 -2.610698973093710240e-01
-1.064788602659279659e+00 -2.610698973200489825e-01
-1.064788602648612859e+00 -2.610698973200489825e-01
-1.064788602637946058e+00 -2.610698973307269966e-01
-1.064788602627279257e+00 -2.610698973307269966e-01
-1.064788602616612456e+00 -2.610698973414049551e-01
-1.064788602605945655e+00 -2.610698973414049551e-01
-1.064788602595279077e+00 -2.610698973520829136e-01
-1.064788602584612276e+00 -2.610698973520829136e-01
-1.064788602573945475e+00 -2.610698973520829136e-01
-1.064788602563278674e+00 -2.610698973520829136e-01
-1.064788602552611874e+00 -2.610698973414049551e-01
-1.064788602541945073e+00 -2.610698973414049551e-01
-1.064788602531278494e+00 -2.610698973414049551e-01
-1.064788602520611693e+00 -2.610698973307269966e-01
-1.064788602509944893e+00 -2.610698973307269966e-01
-1.064788602499278092e+00 -2.610698973307269966e-01
-1.064788602488611291e+00 -2.610698973414049551e-01
-1.064788602477944490e+00 -2.610698973414049551e-01
-1.064788602467277912e+00 -2.610698973520829136e-01
-1.064788602456611111e+00 -2.610698973627609276e-01
-1.064788602445944310e+00 -2.610698973734388861e-01
-1.064788602435277509e+00 -2.610698973734388861e-01
-1.064788602424610708e+00 -2.610698973734388861e-01
-1.064788602413943908e+00 -2.610698973841168447e-01
-1.064788602403277107e+00 -2.610698973841168447e-01
-1.064788602392610528e+00 -2.610698973841168447e-01
-1.064788602381943727e+00 -2.610698973947948032e-01
-1.064788602371276927e+00 -2.610698974054728172e-01
-1.064788602371276927e+00 -2.610698974161507757e-01
-1.064788602360610126e+00 -2.610698974268287342e-01
-1.064788602360610126e+00 -2.610698974375066928e-01
